0.31410 1.09841
0.33410 1.23979
0.35400 1.40968
0.37400 1.62244
0.39390 1.89260
0.41390 2.14861
0.43380 2.34008
0.45380 2.41289
0.47370 2.29550
0.49370 2.11492
0.51360 1.93140
0.53360 1.75292
0.55350 1.60555
0.57350 1.50621
0.59340 1.44790
0.61340 1.41064
0.63330 1.39574
0.65330 1.36853
0.67320 1.33222
0.69320 1.28282
0.71310 1.21239
0.73310 1.12052
0.75300 1.02778
0.77300 0.95371
0.79290 0.91499
0.81290 0.89484
0.83280 0.88582
0.85280 0.88324
0.87270 0.87269
0.89270 0.85491
0.91260 0.81560
0.93260 0.75677
0.95250 0.69160
0.97250 0.61958
0.99240 0.54657
1.01240 0.48159
1.03230 0.42001
1.05230 0.37065
1.07220 0.32595
1.09220 0.28791
1.11220 0.25348
1.13210 0.22264
1.15210 0.19538
1.17200 0.17169
1.19200 0.15031
1.21190 0.13243
1.23190 0.11715
1.25180 0.10300
1.27180 0.09171
1.29170 0.08212
1.31170 0.07292
1.33160 0.06562
1.35160 0.05876
1.37150 0.05268
1.39150 0.04697
1.41140 0.04175
1.43140 0.03706
1.45130 0.03358
1.47130 0.02887
1.49120 0.02456
1.51120 0.02182
1.53110 0.01868
1.55110 0.01572
1.57100 0.01318
1.59100 0.01117
1.61090 0.00921
1.63090 0.00801
1.65080 0.00674
1.67080 0.00526
1.69070 0.00450
1.71070 0.00401
1.73060 0.00335
1.75060 0.00298
1.77050 0.00265
1.79050 0.00226
1.81040 0.00204
1.83040 0.00177
1.85030 0.00157
1.87030 0.00165
1.89030 0.00136
1.91020 0.00142
1.93020 0.00115
1.95010 0.00108
1.97010 0.00094
1.99000 0.00239
