0.11460 0.17787
0.13450 0.28931
0.15450 0.36354
0.17440 0.41766
0.19440 0.47375
0.21430 0.53636
0.23430 0.60793
0.25420 0.68569
0.27420 0.77313
0.29420 0.86847
0.31410 0.97584
0.33410 1.10145
0.35400 1.25239
0.37400 1.44140
0.39390 1.68142
0.41390 1.90886
0.43380 2.07896
0.45380 2.14365
0.47370 2.03936
0.49370 1.87893
0.51360 1.71589
0.53360 1.55732
0.55350 1.42640
0.57350 1.33814
0.59340 1.28634
0.61340 1.25324
0.63330 1.24000
0.65330 1.21582
0.67320 1.18356
0.69320 1.13968
0.71310 1.07711
0.73310 0.99549
0.75300 0.91310
0.77300 0.84729
0.79290 0.81289
0.81290 0.79499
0.83280 0.78697
0.85280 0.78468
0.87270 0.77531
0.89270 0.75952
0.91260 0.72459
0.93260 0.67233
0.95250 0.61443
0.97250 0.55044
0.99240 0.48558
1.01240 0.42785
1.03230 0.37314
1.05230 0.32929
1.07220 0.28958
1.09220 0.25579
1.11220 0.22520
1.13210 0.19780
1.15210 0.17358
1.17200 0.15253
1.19200 0.13354
1.21190 0.11766
1.23190 0.10408
1.25180 0.09151
1.27180 0.08147
1.29170 0.07295
1.31170 0.06478
1.33160 0.05830
1.35160 0.05221
1.37150 0.04680
1.39150 0.04173
1.41140 0.03709
1.43140 0.03292
1.45130 0.02984
1.47130 0.02565
1.49120 0.02182
1.51120 0.01939
1.53110 0.01660
1.55110 0.01396
1.57100 0.01171
1.59100 0.00993
1.61090 0.00818
1.63090 0.00712
1.65080 0.00598
1.67080 0.00467
1.69070 0.00400
1.71070 0.00357
1.73060 0.00298
1.75060 0.00265
1.77050 0.00236
1.79050 0.00201
1.81040 0.00181
1.83040 0.00158
1.85030 0.00139
1.87030 0.00147
1.89030 0.00121
1.91020 0.00127
1.93020 0.00102
1.95010 0.00096
1.97010 0.00083
1.99000 0.00212
