0.61340 3.05476
0.63330 3.02250
0.65330 2.96356
0.67320 2.88493
0.69320 2.77795
0.71310 2.62544
0.73310 2.42649
0.75300 2.22567
0.77300 2.06527
0.79290 1.98141
0.81290 1.93779
0.83280 1.91824
0.85280 1.91265
0.87270 1.88982
0.89270 1.85132
0.91260 1.76619
0.93260 1.63880
0.95250 1.49767
0.97250 1.34171
0.99240 1.18360
1.01240 1.04289
1.03230 0.90953
1.05230 0.80264
1.07220 0.70585
1.09220 0.62348
1.11220 0.54892
1.13210 0.48214
1.15210 0.42310
1.17200 0.37179
1.19200 0.32550
1.21190 0.28679
1.23190 0.25370
1.25180 0.22305
1.27180 0.19859
1.29170 0.17783
1.31170 0.15791
1.33160 0.14209
1.35160 0.12725
1.37150 0.11409
1.39150 0.10171
1.41140 0.09040
1.43140 0.08025
1.45130 0.07273
1.47130 0.06252
1.49120 0.05318
1.51120 0.04726
1.53110 0.04045
1.55110 0.03403
1.57100 0.02854
1.59100 0.02419
1.61090 0.01994
1.63090 0.01736
1.65080 0.01459
1.67080 0.01140
1.69070 0.00975
1.71070 0.00869
1.73060 0.00725
1.75060 0.00646
1.77050 0.00575
1.79050 0.00490
1.81040 0.00441
1.83040 0.00384
1.85030 0.00339
1.87030 0.00358
1.89030 0.00296
1.91020 0.00309
1.93020 0.00248
1.95010 0.00234
1.97010 0.00203
1.99000 0.00517
