0.81290 3.93930
0.83280 3.89957
0.85280 3.88820
0.87270 3.84178
0.89270 3.76351
0.91260 3.59046
0.93260 3.33149
0.95250 3.04460
0.97250 2.72753
0.99240 2.40612
1.01240 2.12008
1.03230 1.84896
1.05230 1.63167
1.07220 1.43491
1.09220 1.26746
1.11220 1.11590
1.13210 0.98013
1.15210 0.86011
1.17200 0.75581
1.19200 0.66171
1.21190 0.58301
1.23190 0.51573
1.25180 0.45343
1.27180 0.40372
1.29170 0.36150
1.31170 0.32102
1.33160 0.28886
1.35160 0.25869
1.37150 0.23192
1.39150 0.20676
1.41140 0.18378
1.43140 0.16313
1.45130 0.14785
1.47130 0.12711
1.49120 0.10812
1.51120 0.09607
1.53110 0.08223
1.55110 0.06919
1.57100 0.05802
1.59100 0.04918
1.61090 0.04054
1.63090 0.03528
1.65080 0.02965
1.67080 0.02316
1.69070 0.01982
1.71070 0.01767
1.73060 0.01474
1.75060 0.01314
1.77050 0.01168
1.79050 0.00997
1.81040 0.00896
1.83040 0.00781
1.85030 0.00689
1.87030 0.00728
1.89030 0.00601
1.91020 0.00627
1.93020 0.00505
1.95010 0.00477
1.97010 0.00413
1.99000 0.01052
