# R(arcmin) R(Comovin-Mpc) 1halo 2halo Total Smoothed-1halo Smoothed-2halo Smoothed-Total
5.241300e-02 1.000000e-02 5.546349e-05 9.038473e-08 5.555387e-05 1.926977e-05 7.973344e-08 1.934951e-05
6.325162e-02 1.206793e-02 5.202410e-05 9.038645e-08 5.211448e-05 1.926916e-05 7.973325e-08 1.934889e-05
7.633159e-02 1.456348e-02 4.869638e-05 9.038904e-08 4.878676e-05 1.926826e-05 7.973297e-08 1.934800e-05
9.211640e-02 1.757511e-02 4.546748e-05 9.039269e-08 4.555787e-05 1.926697e-05 7.973255e-08 1.934670e-05
1.111654e-01 2.120951e-02 4.232563e-05 9.039520e-08 4.241603e-05 1.926506e-05 7.973195e-08 1.934480e-05
1.341536e-01 2.559548e-02 3.926044e-05 9.039518e-08 3.935084e-05 1.926231e-05 7.973108e-08 1.934204e-05
1.618955e-01 3.088844e-02 3.626332e-05 9.039118e-08 3.635371e-05 1.925828e-05 7.972980e-08 1.933801e-05
1.953744e-01 3.727594e-02 3.332802e-05 9.038472e-08 3.341840e-05 1.925243e-05 7.972795e-08 1.933216e-05
2.357763e-01 4.498433e-02 3.045115e-05 9.037413e-08 3.054152e-05 1.924391e-05 7.972525e-08 1.932364e-05
2.845331e-01 5.428675e-02 2.763279e-05 9.035267e-08 2.772314e-05 1.923150e-05 7.972131e-08 1.931122e-05
3.433725e-01 6.551286e-02 2.487694e-05 9.032023e-08 2.496726e-05 1.921344e-05 7.971558e-08 1.929316e-05
4.143794e-01 7.906043e-02 2.219178e-05 9.028062e-08 2.228207e-05 1.918717e-05 7.970724e-08 1.926688e-05
5.000700e-01 9.540955e-02 1.958967e-05 9.022216e-08 1.967989e-05 1.914898e-05 7.969510e-08 1.922868e-05
6.034808e-01 1.151395e-01 1.708650e-05 9.011928e-08 1.717662e-05 1.909350e-05 7.967744e-08 1.917317e-05
7.282762e-01 1.389495e-01 1.470076e-05 8.997323e-08 1.479073e-05 1.901297e-05 7.965174e-08 1.909262e-05
8.788784e-01 1.676833e-01 1.245233e-05 8.977620e-08 1.254210e-05 1.889632e-05 7.961439e-08 1.897594e-05
1.060624e+00 2.023590e-01 1.036131e-05 8.949687e-08 1.045081e-05 1.872773e-05 7.956011e-08 1.880729e-05
1.279953e+00 2.442053e-01 8.447197e-06 8.912247e-08 8.536319e-06 1.848494e-05 7.948134e-08 1.856442e-05
1.544638e+00 2.947052e-01 6.727173e-06 8.862854e-08 6.815802e-06 1.813708e-05 7.936721e-08 1.821644e-05
1.864058e+00 3.556480e-01 5.216756e-06 8.798000e-08 5.304736e-06 1.764236e-05 7.920223e-08 1.772157e-05
2.249531e+00 4.291934e-01 3.927460e-06 8.714417e-08 4.014604e-06 1.694641e-05 7.896452e-08 1.702537e-05
2.714718e+00 5.179475e-01 2.863187e-06 8.608497e-08 2.949272e-06 1.598262e-05 7.862366e-08 1.606125e-05
3.276102e+00 6.250552e-01 2.017334e-06 8.476274e-08 2.102097e-06 1.467804e-05 7.813820e-08 1.475618e-05
3.953575e+00 7.543120e-01 1.372172e-06 8.314032e-08 1.455312e-06 1.296969e-05 7.745345e-08 1.304714e-05
4.771145e+00 9.102982e-01 9.011667e-07 8.118578e-08 9.823525e-07 1.083782e-05 7.650057e-08 1.091432e-05
5.757783e+00 1.098541e+00 5.711219e-07 7.887220e-08 6.499941e-07 8.356479e-06 7.519889e-08 8.431678e-06
6.948450e+00 1.325711e+00 3.498399e-07 7.618241e-08 4.260223e-07 5.741915e-06 7.346379e-08 5.815379e-06
8.385339e+00 1.599859e+00 2.073940e-07 7.310967e-08 2.805037e-07 3.353298e-06 7.122239e-08 3.424521e-06
1.011937e+01 1.930698e+00 1.192181e-07 6.966118e-08 1.888793e-07 1.567622e-06 6.843399e-08 1.636056e-06
1.221198e+01 2.329952e+00 6.660418e-08 6.585748e-08 1.324617e-07 5.543406e-07 6.510641e-08 6.194470e-07
1.473732e+01 2.811769e+00 3.625419e-08 6.173317e-08 9.798737e-08 1.508966e-07 6.129599e-08 2.121926e-07
1.778489e+01 3.393222e+00 1.927618e-08 5.732906e-08 7.660524e-08 3.928152e-08 5.708944e-08 9.637096e-08
2.146268e+01 4.094915e+00 1.003695e-08 5.268595e-08 6.272290e-08 1.535794e-08 5.258248e-08 6.794042e-08
2.590100e+01 4.941713e+00 5.130673e-09 4.792995e-08 5.306062e-08 5.832162e-09 4.787039e-08 5.370255e-08
3.125714e+01 5.963623e+00 2.580774e-09 4.307093e-08 4.565171e-08 2.268582e-09 4.304907e-08 4.531765e-08
3.772088e+01 7.196857e+00 1.280149e-09 3.815232e-08 3.943247e-08 4.625465e-10 3.821591e-08 3.867845e-08
4.552128e+01 8.685114e+00 6.274065e-10 3.351517e-08 3.414258e-08 -2.770628e-10 3.346324e-08 3.318617e-08
5.493475e+01 1.048113e+01 3.043456e-10 2.887576e-08 2.918010e-08 -6.707099e-10 2.885979e-08 2.818908e-08
6.629485e+01 1.264855e+01 1.463434e-10 2.433172e-08 2.447806e-08 -8.393036e-10 2.448254e-08 2.364324e-08
8.000414e+01 1.526418e+01 6.984516e-11 2.061108e-08 2.068092e-08 -9.338147e-10 2.040268e-08 1.946886e-08
9.654841e+01 1.842070e+01 3.312331e-11 1.657290e-08 1.660602e-08 -9.811601e-10 1.660286e-08 1.562170e-08
1.165139e+02 2.222996e+01 1.562240e-11 1.301223e-08 1.302785e-08 -1.026343e-09 1.321955e-08 1.219320e-08
1.406081e+02 2.682696e+01 7.332274e-12 1.097536e-08 1.098269e-08 -1.080656e-09 1.058921e-08 9.508554e-09
1.696848e+02 3.237458e+01 3.425109e-12 7.352864e-09 7.356290e-09 -1.147150e-09 7.707984e-09 6.560834e-09
2.047744e+02 3.906940e+01 1.591321e-12 5.446818e-09 5.448409e-09 -1.219811e-09 5.555327e-09 4.335516e-09
2.471203e+02 4.714866e+01 7.335255e-13 5.505074e-09 5.505807e-09 -1.297482e-09 5.141691e-09 3.844210e-09
2.982229e+02 5.689866e+01 3.334205e-13 1.623639e-09 1.623973e-09 -1.375981e-09 2.331330e-09 9.553493e-10
3.598932e+02 6.866488e+01 1.463029e-13 1.684219e-09 1.684365e-09 -1.392219e-09 1.858800e-09 4.665809e-10
4.343165e+02 8.286428e+01 5.933079e-14 4.445552e-09 4.445611e-09 -1.255074e-09 4.440530e-09 3.185456e-09
5.241300e+02 1.000000e+02 0.000000e+00 0.000000e+00 0.000000e+00 0.000000e+00 0.000000e+00 0.000000e+00
