0.005 0.000e+00
0.015 2.762e+03
0.025 5.614e+03
0.035 8.254e+03
0.045 1.107e+04
0.055 1.435e+04
0.065 1.848e+04
0.075 2.380e+04
0.085 2.982e+04
0.095 3.603e+04
0.105 4.229e+04
0.115 4.671e+04
0.125 5.166e+04
0.135 5.744e+04
0.145 6.252e+04
0.155 6.877e+04
0.165 7.608e+04
0.175 8.428e+04
0.185 9.232e+04
0.195 1.028e+05
0.205 1.130e+05
0.215 1.250e+05
0.225 1.379e+05
0.235 1.518e+05
0.245 1.650e+05
0.255 1.783e+05
0.265 1.907e+05
0.275 2.038e+05
0.285 2.158e+05
0.295 2.257e+05
0.305 2.396e+05
0.315 2.519e+05
0.325 2.644e+05
0.335 2.800e+05
0.345 3.002e+05
0.355 3.232e+05
0.365 3.503e+05
0.375 3.767e+05
0.385 4.034e+05
0.395 4.217e+05
0.405 4.255e+05
0.415 4.134e+05
0.425 3.908e+05
0.435 3.642e+05
0.445 3.419e+05
0.455 3.298e+05
0.465 3.267e+05
0.475 3.274e+05
0.485 3.348e+05
0.495 3.425e+05
0.505 3.554e+05
0.515 3.721e+05
0.525 3.920e+05
0.535 4.104e+05
0.545 4.225e+05
0.555 4.278e+05
0.565 4.274e+05
0.575 4.189e+05
0.585 4.099e+05
0.595 3.951e+05
0.605 3.827e+05
0.615 3.723e+05
0.625 3.676e+05
0.635 3.636e+05
0.645 3.644e+05
0.655 3.686e+05
0.665 3.718e+05
0.675 3.721e+05
0.685 3.702e+05
0.695 3.627e+05
0.705 3.516e+05
0.715 3.366e+05
0.725 3.242e+05
0.735 3.087e+05
0.745 2.967e+05
0.755 2.860e+05
0.765 2.740e+05
0.775 2.629e+05
0.785 2.523e+05
0.795 2.418e+05
0.805 2.310e+05
0.815 2.230e+05
0.825 2.146e+05
0.835 2.076e+05
0.845 2.021e+05
0.855 1.957e+05
0.865 1.900e+05
0.875 1.850e+05
0.885 1.800e+05
0.895 1.753e+05
0.905 1.725e+05
0.915 1.677e+05
0.925 1.636e+05
0.935 1.571e+05
0.945 1.495e+05
0.955 1.398e+05
0.965 1.327e+05
0.975 1.265e+05
0.985 1.221e+05
0.995 1.185e+05
1.005 1.160e+05
1.015 1.120e+05
1.025 1.087e+05
1.035 1.042e+05
1.045 9.923e+04
1.055 9.477e+04
1.065 9.122e+04
1.075 8.813e+04
1.085 8.550e+04
1.095 8.303e+04
1.105 8.159e+04
1.115 8.080e+04
1.125 7.975e+04
1.135 7.882e+04
1.145 7.803e+04
1.155 7.808e+04
1.165 7.714e+04
1.175 7.668e+04
1.185 7.675e+04
1.195 7.699e+04
1.205 7.579e+04
1.215 7.448e+04
1.225 7.176e+04
1.235 6.696e+04
1.245 6.321e+04
1.255 5.836e+04
1.265 5.419e+04
1.275 5.082e+04
1.285 4.861e+04
1.295 4.616e+04
1.305 4.500e+04
1.315 4.362e+04
1.325 4.237e+04
1.335 4.074e+04
1.345 3.910e+04
1.355 3.693e+04
1.365 3.520e+04
1.375 3.284e+04
1.385 3.137e+04
1.395 3.000e+04
1.405 2.822e+04
1.415 2.707e+04
1.425 2.600e+04
1.435 2.498e+04
1.445 2.397e+04
1.455 2.285e+04
1.465 2.212e+04
1.475 2.137e+04
1.485 2.032e+04
1.495 1.951e+04
