0.005 0.000e+00
0.015 3.403e+03
0.025 7.157e+03
0.035 1.128e+04
0.045 1.636e+04
0.055 2.190e+04
0.065 2.836e+04
0.075 3.567e+04
0.085 4.399e+04
0.095 5.309e+04
0.105 6.304e+04
0.115 7.174e+04
0.125 8.148e+04
0.135 9.313e+04
0.145 1.045e+05
0.155 1.169e+05
0.165 1.311e+05
0.175 1.461e+05
0.185 1.605e+05
0.195 1.759e+05
0.205 1.920e+05
0.215 2.085e+05
0.225 2.253e+05
0.235 2.418e+05
0.245 2.560e+05
0.255 2.670e+05
0.265 2.734e+05
0.275 2.776e+05
0.285 2.771e+05
0.295 2.739e+05
0.305 2.748e+05
0.315 2.765e+05
0.325 2.811e+05
0.335 2.919e+05
0.345 3.089e+05
0.355 3.297e+05
0.365 3.556e+05
0.375 3.810e+05
0.385 4.073e+05
0.395 4.260e+05
0.405 4.312e+05
0.415 4.209e+05
0.425 4.003e+05
0.435 3.750e+05
0.445 3.530e+05
0.455 3.400e+05
0.465 3.361e+05
0.475 3.354e+05
0.485 3.421e+05
0.495 3.497e+05
0.505 3.628e+05
0.515 3.794e+05
0.525 3.989e+05
0.535 4.164e+05
0.545 4.275e+05
0.555 4.317e+05
0.565 4.302e+05
0.575 4.210e+05
0.585 4.115e+05
0.595 3.962e+05
0.605 3.836e+05
0.615 3.729e+05
0.625 3.679e+05
0.635 3.639e+05
0.645 3.645e+05
0.655 3.687e+05
0.665 3.719e+05
0.675 3.722e+05
0.685 3.703e+05
0.695 3.627e+05
0.705 3.516e+05
0.715 3.366e+05
0.725 3.242e+05
0.735 3.087e+05
0.745 2.967e+05
0.755 2.861e+05
0.765 2.740e+05
0.775 2.629e+05
0.785 2.523e+05
0.795 2.418e+05
0.805 2.310e+05
0.815 2.230e+05
0.825 2.146e+05
0.835 2.076e+05
0.845 2.021e+05
0.855 1.957e+05
0.865 1.900e+05
0.875 1.850e+05
0.885 1.800e+05
0.895 1.754e+05
0.905 1.725e+05
0.915 1.677e+05
0.925 1.636e+05
0.935 1.571e+05
0.945 1.495e+05
0.955 1.398e+05
0.965 1.327e+05
0.975 1.265e+05
0.985 1.221e+05
0.995 1.185e+05
1.005 1.161e+05
1.015 1.120e+05
1.025 1.088e+05
1.035 1.042e+05
1.045 9.935e+04
1.055 9.491e+04
1.065 9.138e+04
1.075 8.828e+04
1.085 8.571e+04
1.095 8.325e+04
1.105 8.182e+04
1.115 8.110e+04
1.125 8.009e+04
1.135 7.918e+04
1.145 7.844e+04
1.155 7.849e+04
1.165 7.755e+04
1.175 7.708e+04
1.185 7.705e+04
1.195 7.718e+04
1.205 7.594e+04
1.215 7.458e+04
1.225 7.184e+04
1.235 6.702e+04
1.245 6.326e+04
1.255 5.840e+04
1.265 5.422e+04
1.275 5.084e+04
1.285 4.862e+04
1.295 4.618e+04
1.305 4.501e+04
1.315 4.363e+04
1.325 4.238e+04
1.335 4.074e+04
1.345 3.910e+04
1.355 3.694e+04
1.365 3.521e+04
1.375 3.285e+04
1.385 3.138e+04
1.395 3.001e+04
1.405 2.823e+04
1.415 2.708e+04
1.425 2.601e+04
1.435 2.500e+04
1.445 2.398e+04
1.455 2.286e+04
1.465 2.213e+04
1.475 2.138e+04
1.485 2.034e+04
1.495 1.954e+04
