0.71310 3.69216
0.73310 3.41237
0.75300 3.12996
0.77300 2.90439
0.79290 2.78646
0.81290 2.72511
0.83280 2.69763
0.85280 2.68976
0.87270 2.65765
0.89270 2.60351
0.91260 2.48379
0.93260 2.30464
0.95250 2.10618
0.97250 1.88684
0.99240 1.66449
1.01240 1.46662
1.03230 1.27907
1.05230 1.12875
1.07220 0.99264
1.09220 0.87680
1.11220 0.77195
1.13210 0.67803
1.15210 0.59500
1.17200 0.52285
1.19200 0.45775
1.21190 0.40331
1.23190 0.35677
1.25180 0.31367
1.27180 0.27928
1.29170 0.25008
1.31170 0.22207
1.33160 0.19983
1.35160 0.17896
1.37150 0.16044
1.39150 0.14303
1.41140 0.12713
1.43140 0.11285
1.45130 0.10228
1.47130 0.08793
1.49120 0.07479
1.51120 0.06646
1.53110 0.05689
1.55110 0.04786
1.57100 0.04014
1.59100 0.03402
1.61090 0.02804
1.63090 0.02441
1.65080 0.02051
1.67080 0.01602
1.69070 0.01371
1.71070 0.01222
1.73060 0.01020
1.75060 0.00909
1.77050 0.00808
1.79050 0.00690
1.81040 0.00620
1.83040 0.00540
1.85030 0.00477
1.87030 0.00504
1.89030 0.00416
1.91020 0.00434
1.93020 0.00349
1.95010 0.00330
1.97010 0.00286
1.99000 0.00728
