0.21430 0.55750
0.23430 0.63189
0.25420 0.71271
0.27420 0.80360
0.29420 0.90270
0.31410 1.01430
0.33410 1.14486
0.35400 1.30174
0.37400 1.49821
0.39390 1.74768
0.41390 1.98408
0.43380 2.16089
0.45380 2.22813
0.47370 2.11973
0.49370 1.95297
0.51360 1.78351
0.53360 1.61869
0.55350 1.48261
0.57350 1.39088
0.59340 1.33703
0.61340 1.30263
0.63330 1.28887
0.65330 1.26374
0.67320 1.23021
0.69320 1.18459
0.71310 1.11955
0.73310 1.03472
0.75300 0.94908
0.77300 0.88068
0.79290 0.84492
0.81290 0.82632
0.83280 0.81799
0.85280 0.81560
0.87270 0.80587
0.89270 0.78945
0.91260 0.75315
0.93260 0.69882
0.95250 0.63865
0.97250 0.57214
0.99240 0.50472
1.01240 0.44471
1.03230 0.38785
1.05230 0.34227
1.07220 0.30099
1.09220 0.26587
1.11220 0.23407
1.13210 0.20560
1.15210 0.18042
1.17200 0.15854
1.19200 0.13880
1.21190 0.12229
1.23190 0.10818
1.25180 0.09511
1.27180 0.08469
1.29170 0.07583
1.31170 0.06734
1.33160 0.06059
1.35160 0.05426
1.37150 0.04865
1.39150 0.04337
1.41140 0.03855
1.43140 0.03422
1.45130 0.03101
1.47130 0.02666
1.49120 0.02268
1.51120 0.02015
1.53110 0.01725
1.55110 0.01451
1.57100 0.01217
1.59100 0.01032
1.61090 0.00850
1.63090 0.00740
1.65080 0.00622
1.67080 0.00486
1.69070 0.00416
1.71070 0.00371
1.73060 0.00309
1.75060 0.00276
1.77050 0.00245
1.79050 0.00209
1.81040 0.00188
1.83040 0.00164
1.85030 0.00145
1.87030 0.00153
1.89030 0.00126
1.91020 0.00132
1.93020 0.00106
1.95010 0.00100
1.97010 0.00087
1.99000 0.00221
