1.21190 6.22222
1.23190 5.50422
1.25180 4.83926
1.27180 4.30873
1.29170 3.85817
1.31170 3.42609
1.33160 3.08291
1.35160 2.76091
1.37150 2.47522
1.39150 2.20669
1.41140 1.96142
1.43140 1.74103
1.45130 1.57791
1.47130 1.35655
1.49120 1.15388
1.51120 1.02532
1.53110 0.87763
1.55110 0.73842
1.57100 0.61921
1.59100 0.52488
1.61090 0.43262
1.63090 0.37655
1.65080 0.31645
1.67080 0.24723
1.69070 0.21158
1.71070 0.18855
1.73060 0.15736
1.75060 0.14019
1.77050 0.12465
1.79050 0.10639
1.81040 0.09563
1.83040 0.08335
1.85030 0.07357
1.87030 0.07770
1.89030 0.06412
1.91020 0.06694
1.93020 0.05390
1.95010 0.05086
1.97010 0.04412
1.99000 0.11226
