0.005 0.000e+00
0.015 5.907e+03
0.025 1.353e+04
0.035 2.068e+04
0.045 2.975e+04
0.055 4.524e+04
0.065 5.928e+04
0.075 7.642e+04
0.085 9.543e+04
0.095 1.157e+05
0.105 1.353e+05
0.115 1.513e+05
0.125 1.660e+05
0.135 1.798e+05
0.145 1.905e+05
0.155 1.994e+05
0.165 2.076e+05
0.175 2.149e+05
0.185 2.196e+05
0.195 2.266e+05
0.205 2.339e+05
0.215 2.421e+05
0.225 2.516e+05
0.235 2.619e+05
0.245 2.712e+05
0.255 2.782e+05
0.265 2.820e+05
0.275 2.842e+05
0.285 2.823e+05
0.295 2.778e+05
0.305 2.778e+05
0.315 2.786e+05
0.325 2.827e+05
0.335 2.930e+05
0.345 3.097e+05
0.355 3.303e+05
0.365 3.561e+05
0.375 3.814e+05
0.385 4.076e+05
0.395 4.263e+05
0.405 4.315e+05
0.415 4.212e+05
0.425 4.006e+05
0.435 3.754e+05
0.445 3.535e+05
0.455 3.406e+05
0.465 3.366e+05
0.475 3.358e+05
0.485 3.424e+05
0.495 3.501e+05
0.505 3.632e+05
0.515 3.797e+05
0.525 3.991e+05
0.535 4.166e+05
0.545 4.277e+05
0.555 4.319e+05
0.565 4.305e+05
0.575 4.212e+05
0.585 4.117e+05
0.595 3.964e+05
0.605 3.837e+05
0.615 3.731e+05
0.625 3.680e+05
0.635 3.640e+05
0.645 3.646e+05
0.655 3.687e+05
0.665 3.719e+05
0.675 3.722e+05
0.685 3.703e+05
0.695 3.628e+05
0.705 3.516e+05
0.715 3.366e+05
0.725 3.243e+05
0.735 3.088e+05
0.745 2.968e+05
0.755 2.861e+05
0.765 2.740e+05
0.775 2.630e+05
0.785 2.523e+05
0.795 2.418e+05
0.805 2.311e+05
0.815 2.231e+05
0.825 2.147e+05
0.835 2.076e+05
0.845 2.021e+05
0.855 1.958e+05
0.865 1.901e+05
0.875 1.850e+05
0.885 1.801e+05
0.895 1.754e+05
0.905 1.725e+05
0.915 1.677e+05
0.925 1.636e+05
0.935 1.571e+05
0.945 1.495e+05
0.955 1.399e+05
0.965 1.327e+05
0.975 1.265e+05
0.985 1.221e+05
0.995 1.186e+05
1.005 1.161e+05
1.015 1.121e+05
1.025 1.088e+05
1.035 1.043e+05
1.045 9.943e+04
1.055 9.497e+04
1.065 9.144e+04
1.075 8.837e+04
1.085 8.579e+04
1.095 8.331e+04
1.105 8.191e+04
1.115 8.117e+04
1.125 8.016e+04
1.135 7.927e+04
1.145 7.852e+04
1.155 7.855e+04
1.165 7.762e+04
1.175 7.714e+04
1.185 7.713e+04
1.195 7.726e+04
1.205 7.600e+04
1.215 7.464e+04
1.225 7.190e+04
1.235 6.709e+04
1.245 6.331e+04
1.255 5.845e+04
1.265 5.425e+04
1.275 5.089e+04
1.285 4.865e+04
1.295 4.620e+04
1.305 4.505e+04
1.315 4.366e+04
1.325 4.240e+04
1.335 4.078e+04
1.345 3.915e+04
1.355 3.697e+04
1.365 3.524e+04
1.375 3.289e+04
1.385 3.142e+04
1.395 3.005e+04
1.405 2.826e+04
1.415 2.711e+04
1.425 2.604e+04
1.435 2.502e+04
1.445 2.400e+04
1.455 2.289e+04
1.465 2.217e+04
1.475 2.143e+04
1.485 2.038e+04
1.495 1.958e+04
