0.005 0.000e+00
0.015 8.510e+02
0.025 1.894e+03
0.035 2.796e+03
0.045 3.545e+03
0.055 4.111e+03
0.065 4.821e+03
0.075 5.302e+03
0.085 5.937e+03
0.095 6.149e+03
0.105 6.188e+03
0.115 5.751e+03
0.125 5.284e+03
0.135 4.964e+03
0.145 4.578e+03
0.155 4.261e+03
0.165 4.075e+03
0.175 3.859e+03
0.185 3.628e+03
0.195 3.461e+03
0.205 3.651e+03
0.215 3.764e+03
0.225 3.821e+03
0.235 3.849e+03
0.245 3.822e+03
0.255 3.835e+03
0.265 3.780e+03
0.275 3.656e+03
0.285 3.373e+03
0.295 3.154e+03
0.305 3.049e+03
0.315 2.893e+03
0.325 2.717e+03
0.335 2.634e+03
0.345 2.555e+03
0.355 2.766e+03
0.365 2.701e+03
0.375 2.890e+03
0.385 3.112e+03
0.395 3.156e+03
0.405 3.265e+03
0.415 3.164e+03
0.425 2.654e+03
0.435 2.220e+03
0.445 1.857e+03
0.455 1.499e+03
0.465 1.377e+03
0.475 1.402e+03
0.485 1.382e+03
0.495 1.375e+03
0.505 1.394e+03
0.515 1.450e+03
0.525 1.480e+03
0.535 1.536e+03
0.545 1.436e+03
0.555 1.262e+03
0.565 1.160e+03
0.575 9.710e+02
0.585 8.580e+02
0.595 7.600e+02
0.605 6.770e+02
0.615 5.990e+02
0.625 6.520e+02
0.635 5.930e+02
0.645 5.770e+02
0.655 5.600e+02
0.665 6.020e+02
0.675 6.700e+02
0.685 9.130e+02
0.695 1.204e+03
0.705 1.806e+03
0.715 2.636e+03
0.725 3.676e+03
0.735 4.639e+03
0.745 5.641e+03
0.755 6.405e+03
0.765 6.952e+03
0.775 7.461e+03
0.785 7.936e+03
0.795 8.295e+03
0.805 8.465e+03
0.815 8.777e+03
0.825 9.029e+03
0.835 9.170e+03
0.845 9.260e+03
0.855 9.321e+03
0.865 9.672e+03
0.875 9.850e+03
0.885 1.066e+04
0.895 1.172e+04
0.905 1.346e+04
0.915 1.567e+04
0.925 1.888e+04
0.935 2.212e+04
0.945 2.537e+04
0.955 2.856e+04
0.965 3.162e+04
0.975 3.458e+04
0.985 3.807e+04
0.995 4.178e+04
1.005 4.587e+04
1.015 4.964e+04
1.025 5.352e+04
1.035 5.675e+04
1.045 5.839e+04
1.055 5.967e+04
1.065 6.037e+04
1.075 6.060e+04
1.085 6.059e+04
1.095 6.042e+04
1.105 6.099e+04
1.115 6.133e+04
1.125 6.113e+04
1.135 6.093e+04
1.145 6.020e+04
1.155 6.043e+04
1.165 5.987e+04
1.175 6.032e+04
1.185 6.208e+04
1.195 6.420e+04
1.205 6.531e+04
1.215 6.625e+04
1.225 6.558e+04
1.235 6.222e+04
1.245 5.956e+04
1.255 5.536e+04
1.265 5.172e+04
1.275 4.881e+04
1.285 4.690e+04
1.295 4.479e+04
1.305 4.374e+04
1.315 4.252e+04
1.325 4.138e+04
1.335 3.973e+04
1.345 3.811e+04
1.355 3.591e+04
1.365 3.425e+04
1.375 3.190e+04
1.385 3.040e+04
1.395 2.902e+04
1.405 2.719e+04
1.415 2.612e+04
1.425 2.499e+04
1.435 2.388e+04
1.445 2.292e+04
1.455 2.180e+04
1.465 2.091e+04
1.475 2.021e+04
1.485 1.913e+04
1.495 1.822e+04
