0.005 0.000e+00
0.015 1.062e+03
0.025 2.326e+03
0.035 3.436e+03
0.045 4.335e+03
0.055 5.076e+03
0.065 5.966e+03
0.075 6.733e+03
0.085 7.609e+03
0.095 8.115e+03
0.105 8.335e+03
0.115 7.812e+03
0.125 7.373e+03
0.135 6.902e+03
0.145 6.330e+03
0.155 5.971e+03
0.165 5.668e+03
0.175 5.433e+03
0.185 5.143e+03
0.195 4.997e+03
0.205 5.165e+03
0.215 5.225e+03
0.225 5.393e+03
0.235 5.401e+03
0.245 5.400e+03
0.255 5.469e+03
0.265 5.343e+03
0.275 5.213e+03
0.285 4.953e+03
0.295 4.666e+03
0.305 4.506e+03
0.315 4.212e+03
0.325 4.088e+03
0.335 3.938e+03
0.345 3.827e+03
0.355 4.028e+03
0.365 4.039e+03
0.375 4.216e+03
0.385 4.501e+03
0.395 4.557e+03
0.405 4.724e+03
0.415 4.469e+03
0.425 3.831e+03
0.435 3.340e+03
0.445 2.790e+03
0.455 2.366e+03
0.465 2.161e+03
0.475 2.162e+03
0.485 2.172e+03
0.495 2.143e+03
0.505 2.225e+03
0.515 2.243e+03
0.525 2.273e+03
0.535 2.301e+03
0.545 2.200e+03
0.555 1.996e+03
0.565 1.866e+03
0.575 1.610e+03
0.585 1.470e+03
0.595 1.415e+03
0.605 1.332e+03
0.615 1.277e+03
0.625 1.329e+03
0.635 1.302e+03
0.645 1.428e+03
0.655 1.459e+03
0.665 1.719e+03
0.675 2.038e+03
0.685 2.941e+03
0.695 4.002e+03
0.705 5.718e+03
0.715 7.874e+03
0.725 1.032e+04
0.735 1.234e+04
0.745 1.480e+04
0.755 1.704e+04
0.765 1.913e+04
0.775 2.142e+04
0.785 2.382e+04
0.795 2.629e+04
0.805 2.865e+04
0.815 3.148e+04
0.825 3.372e+04
0.835 3.704e+04
0.845 4.027e+04
0.855 4.427e+04
0.865 4.979e+04
0.875 5.639e+04
0.885 6.426e+04
0.895 7.383e+04
0.905 8.469e+04
0.915 9.385e+04
0.925 1.024e+05
0.935 1.068e+05
0.945 1.081e+05
0.955 1.052e+05
0.965 1.025e+05
0.975 9.922e+04
0.985 9.660e+04
0.995 9.461e+04
1.005 9.365e+04
1.015 9.160e+04
1.025 9.028e+04
1.035 8.787e+04
1.045 8.451e+04
1.055 8.165e+04
1.065 7.892e+04
1.075 7.620e+04
1.085 7.408e+04
1.095 7.200e+04
1.105 7.076e+04
1.115 7.001e+04
1.125 6.887e+04
1.135 6.763e+04
1.145 6.645e+04
1.155 6.632e+04
1.165 6.533e+04
1.175 6.552e+04
1.185 6.690e+04
1.195 6.875e+04
1.205 6.937e+04
1.215 6.984e+04
1.225 6.839e+04
1.235 6.455e+04
1.245 6.146e+04
1.255 5.699e+04
1.265 5.314e+04
1.275 4.996e+04
1.285 4.789e+04
1.295 4.558e+04
1.305 4.446e+04
1.315 4.314e+04
1.325 4.193e+04
1.335 4.026e+04
1.345 3.864e+04
1.355 3.643e+04
1.365 3.472e+04
1.375 3.238e+04
1.385 3.088e+04
1.395 2.948e+04
1.405 2.770e+04
1.415 2.653e+04
1.425 2.546e+04
1.435 2.439e+04
1.445 2.341e+04
1.455 2.227e+04
1.465 2.147e+04
1.475 2.071e+04
1.485 1.964e+04
1.495 1.876e+04
