0.005 0.000e+00
0.015 2.343e+03
0.025 4.879e+03
0.035 7.057e+03
0.045 9.321e+03
0.055 1.159e+04
0.065 1.423e+04
0.075 1.782e+04
0.085 2.177e+04
0.095 2.604e+04
0.105 2.985e+04
0.115 3.218e+04
0.125 3.425e+04
0.135 3.637e+04
0.145 3.783e+04
0.155 3.979e+04
0.165 4.221e+04
0.175 4.542e+04
0.185 4.849e+04
0.195 5.384e+04
0.205 5.863e+04
0.215 6.473e+04
0.225 7.072e+04
0.235 7.856e+04
0.245 8.468e+04
0.255 9.007e+04
0.265 9.443e+04
0.275 9.808e+04
0.285 9.991e+04
0.295 1.012e+05
0.305 1.035e+05
0.315 1.065e+05
0.325 1.101e+05
0.335 1.156e+05
0.345 1.244e+05
0.355 1.351e+05
0.365 1.498e+05
0.375 1.673e+05
0.385 1.866e+05
0.395 2.048e+05
0.405 2.186e+05
0.415 2.249e+05
0.425 2.256e+05
0.435 2.241e+05
0.445 2.241e+05
0.455 2.293e+05
0.465 2.386e+05
0.475 2.489e+05
0.485 2.628e+05
0.495 2.764e+05
0.505 2.946e+05
0.515 3.169e+05
0.525 3.432e+05
0.535 3.690e+05
0.545 3.890e+05
0.555 4.017e+05
0.565 4.082e+05
0.575 4.053e+05
0.585 4.001e+05
0.595 3.882e+05
0.605 3.779e+05
0.615 3.690e+05
0.625 3.653e+05
0.635 3.620e+05
0.645 3.632e+05
0.655 3.677e+05
0.665 3.713e+05
0.675 3.718e+05
0.685 3.699e+05
0.695 3.625e+05
0.705 3.514e+05
0.715 3.364e+05
0.725 3.241e+05
0.735 3.086e+05
0.745 2.966e+05
0.755 2.860e+05
0.765 2.739e+05
0.775 2.628e+05
0.785 2.522e+05
0.795 2.417e+05
0.805 2.310e+05
0.815 2.230e+05
0.825 2.146e+05
0.835 2.076e+05
0.845 2.020e+05
0.855 1.957e+05
0.865 1.900e+05
0.875 1.849e+05
0.885 1.800e+05
0.895 1.753e+05
0.905 1.724e+05
0.915 1.676e+05
0.925 1.635e+05
0.935 1.570e+05
0.945 1.495e+05
0.955 1.398e+05
0.965 1.326e+05
0.975 1.264e+05
0.985 1.221e+05
0.995 1.184e+05
1.005 1.159e+05
1.015 1.119e+05
1.025 1.086e+05
1.035 1.040e+05
1.045 9.897e+04
1.055 9.448e+04
1.065 9.085e+04
1.075 8.766e+04
1.085 8.500e+04
1.095 8.246e+04
1.105 8.095e+04
1.115 8.008e+04
1.125 7.894e+04
1.135 7.783e+04
1.145 7.692e+04
1.155 7.692e+04
1.165 7.592e+04
1.175 7.560e+04
1.185 7.587e+04
1.195 7.636e+04
1.205 7.542e+04
1.215 7.425e+04
1.225 7.162e+04
1.235 6.685e+04
1.245 6.313e+04
1.255 5.829e+04
1.265 5.413e+04
1.275 5.077e+04
1.285 4.858e+04
1.295 4.613e+04
1.305 4.497e+04
1.315 4.358e+04
1.325 4.233e+04
1.335 4.071e+04
1.345 3.907e+04
1.355 3.690e+04
1.365 3.517e+04
1.375 3.281e+04
1.385 3.134e+04
1.395 2.997e+04
1.405 2.819e+04
1.415 2.703e+04
1.425 2.596e+04
1.435 2.495e+04
1.445 2.393e+04
1.455 2.281e+04
1.465 2.208e+04
1.475 2.133e+04
1.485 2.029e+04
1.495 1.947e+04
