0.005 0.000e+00
0.015 1.725e+03
0.025 3.722e+03
0.035 5.495e+03
0.045 7.076e+03
0.055 8.610e+03
0.065 1.008e+04
0.075 1.200e+04
0.085 1.388e+04
0.095 1.556e+04
0.105 1.690e+04
0.115 1.685e+04
0.125 1.668e+04
0.135 1.642e+04
0.145 1.581e+04
0.155 1.536e+04
0.165 1.488e+04
0.175 1.462e+04
0.185 1.444e+04
0.195 1.463e+04
0.205 1.491e+04
0.215 1.531e+04
0.225 1.589e+04
0.235 1.619e+04
0.245 1.681e+04
0.255 1.694e+04
0.265 1.656e+04
0.275 1.645e+04
0.285 1.571e+04
0.295 1.509e+04
0.305 1.459e+04
0.315 1.367e+04
0.325 1.337e+04
0.335 1.297e+04
0.345 1.267e+04
0.355 1.288e+04
0.365 1.306e+04
0.375 1.345e+04
0.385 1.424e+04
0.395 1.444e+04
0.405 1.495e+04
0.415 1.468e+04
0.425 1.382e+04
0.435 1.311e+04
0.445 1.247e+04
0.455 1.264e+04
0.465 1.341e+04
0.475 1.435e+04
0.485 1.543e+04
0.495 1.696e+04
0.505 1.932e+04
0.515 2.257e+04
0.525 2.805e+04
0.535 3.689e+04
0.545 4.861e+04
0.555 6.488e+04
0.565 8.651e+04
0.575 1.114e+05
0.585 1.407e+05
0.595 1.704e+05
0.605 1.992e+05
0.615 2.254e+05
0.625 2.503e+05
0.635 2.706e+05
0.645 2.902e+05
0.655 3.095e+05
0.665 3.257e+05
0.675 3.361e+05
0.685 3.426e+05
0.695 3.423e+05
0.705 3.363e+05
0.715 3.253e+05
0.725 3.158e+05
0.735 3.024e+05
0.745 2.918e+05
0.755 2.823e+05
0.765 2.711e+05
0.775 2.606e+05
0.785 2.504e+05
0.795 2.403e+05
0.805 2.298e+05
0.815 2.219e+05
0.825 2.136e+05
0.835 2.067e+05
0.845 2.013e+05
0.855 1.949e+05
0.865 1.892e+05
0.875 1.842e+05
0.885 1.793e+05
0.895 1.747e+05
0.905 1.719e+05
0.915 1.672e+05
0.925 1.632e+05
0.935 1.567e+05
0.945 1.492e+05
0.955 1.395e+05
0.965 1.323e+05
0.975 1.260e+05
0.985 1.215e+05
0.995 1.177e+05
1.005 1.151e+05
1.015 1.109e+05
1.025 1.074e+05
1.035 1.028e+05
1.045 9.763e+04
1.055 9.287e+04
1.065 8.904e+04
1.075 8.562e+04
1.085 8.283e+04
1.095 8.009e+04
1.105 7.841e+04
1.115 7.741e+04
1.125 7.610e+04
1.135 7.465e+04
1.145 7.346e+04
1.155 7.328e+04
1.165 7.224e+04
1.175 7.219e+04
1.185 7.303e+04
1.195 7.403e+04
1.205 7.375e+04
1.215 7.317e+04
1.225 7.095e+04
1.235 6.643e+04
1.245 6.282e+04
1.255 5.808e+04
1.265 5.398e+04
1.275 5.064e+04
1.285 4.846e+04
1.295 4.603e+04
1.305 4.488e+04
1.315 4.349e+04
1.325 4.226e+04
1.335 4.062e+04
1.345 3.899e+04
1.355 3.680e+04
1.365 3.508e+04
1.375 3.274e+04
1.385 3.124e+04
1.395 2.987e+04
1.405 2.811e+04
1.415 2.694e+04
1.425 2.588e+04
1.435 2.485e+04
1.445 2.384e+04
1.455 2.270e+04
1.465 2.196e+04
1.475 2.119e+04
1.485 2.016e+04
1.495 1.932e+04
