0.51360 3.10944
0.53360 2.82209
0.55350 2.58483
0.57350 2.42491
0.59340 2.33104
0.61340 2.27105
0.63330 2.24706
0.65330 2.20325
0.67320 2.14479
0.69320 2.06526
0.71310 1.95187
0.73310 1.80396
0.75300 1.65466
0.77300 1.53542
0.79290 1.47307
0.81290 1.44064
0.83280 1.42611
0.85280 1.42195
0.87270 1.40498
0.89270 1.37635
0.91260 1.31307
0.93260 1.21836
0.95250 1.11344
0.97250 0.99749
0.99240 0.87994
1.01240 0.77533
1.03230 0.67618
1.05230 0.59672
1.07220 0.52476
1.09220 0.46352
1.11220 0.40810
1.13210 0.35844
1.15210 0.31455
1.17200 0.27641
1.19200 0.24199
1.21190 0.21321
1.23190 0.18861
1.25180 0.16582
1.27180 0.14764
1.29170 0.13220
1.31170 0.11740
1.33160 0.10564
1.35160 0.09461
1.37150 0.08482
1.39150 0.07561
1.41140 0.06721
1.43140 0.05966
1.45130 0.05407
1.47130 0.04648
1.49120 0.03954
1.51120 0.03513
1.53110 0.03007
1.55110 0.02530
1.57100 0.02122
1.59100 0.01799
1.61090 0.01482
1.63090 0.01290
1.65080 0.01084
1.67080 0.00847
1.69070 0.00725
1.71070 0.00646
1.73060 0.00539
1.75060 0.00480
1.77050 0.00427
1.79050 0.00365
1.81040 0.00328
1.83040 0.00286
1.85030 0.00252
1.87030 0.00266
1.89030 0.00220
1.91020 0.00229
1.93020 0.00185
1.95010 0.00174
1.97010 0.00151
1.99000 0.00385
