0.005 0.000e+00
0.015 1.480e+03
0.025 3.221e+03
0.035 4.787e+03
0.045 6.125e+03
0.055 7.336e+03
0.065 8.551e+03
0.075 1.007e+04
0.085 1.152e+04
0.095 1.279e+04
0.105 1.346e+04
0.115 1.320e+04
0.125 1.274e+04
0.135 1.233e+04
0.145 1.169e+04
0.155 1.121e+04
0.165 1.074e+04
0.175 1.036e+04
0.185 1.012e+04
0.195 1.003e+04
0.205 1.018e+04
0.215 1.035e+04
0.225 1.069e+04
0.235 1.080e+04
0.245 1.090e+04
0.255 1.105e+04
0.265 1.082e+04
0.275 1.062e+04
0.285 1.031e+04
0.295 9.805e+03
0.305 9.455e+03
0.315 9.034e+03
0.325 8.682e+03
0.335 8.408e+03
0.345 8.239e+03
0.355 8.333e+03
0.365 8.386e+03
0.375 8.679e+03
0.385 9.268e+03
0.395 9.350e+03
0.405 9.693e+03
0.415 9.200e+03
0.425 8.359e+03
0.435 7.640e+03
0.445 6.736e+03
0.455 6.304e+03
0.465 6.114e+03
0.475 6.154e+03
0.485 6.233e+03
0.495 6.207e+03
0.505 6.523e+03
0.515 6.512e+03
0.525 6.771e+03
0.535 7.214e+03
0.545 7.606e+03
0.555 8.008e+03
0.565 8.966e+03
0.575 9.985e+03
0.585 1.177e+04
0.595 1.465e+04
0.605 1.784e+04
0.615 2.216e+04
0.625 2.728e+04
0.635 3.452e+04
0.645 4.395e+04
0.655 5.637e+04
0.665 7.437e+04
0.675 9.810e+04
0.685 1.284e+05
0.695 1.602e+05
0.705 1.903e+05
0.715 2.165e+05
0.725 2.367e+05
0.735 2.475e+05
0.745 2.536e+05
0.755 2.559e+05
0.765 2.526e+05
0.775 2.474e+05
0.785 2.407e+05
0.795 2.330e+05
0.805 2.241e+05
0.815 2.173e+05
0.825 2.098e+05
0.835 2.035e+05
0.845 1.984e+05
0.855 1.923e+05
0.865 1.868e+05
0.875 1.818e+05
0.885 1.773e+05
0.895 1.729e+05
0.905 1.704e+05
0.915 1.659e+05
0.925 1.622e+05
0.935 1.559e+05
0.945 1.484e+05
0.955 1.387e+05
0.965 1.316e+05
0.975 1.252e+05
0.985 1.205e+05
0.995 1.167e+05
1.005 1.139e+05
1.015 1.097e+05
1.025 1.061e+05
1.035 1.014e+05
1.045 9.619e+04
1.055 9.144e+04
1.065 8.756e+04
1.075 8.410e+04
1.085 8.124e+04
1.095 7.849e+04
1.105 7.679e+04
1.115 7.574e+04
1.125 7.434e+04
1.135 7.285e+04
1.145 7.153e+04
1.155 7.138e+04
1.165 7.034e+04
1.175 7.033e+04
1.185 7.140e+04
1.195 7.260e+04
1.205 7.260e+04
1.215 7.240e+04
1.225 7.037e+04
1.235 6.606e+04
1.245 6.254e+04
1.255 5.787e+04
1.265 5.384e+04
1.275 5.052e+04
1.285 4.837e+04
1.295 4.595e+04
1.305 4.481e+04
1.315 4.343e+04
1.325 4.218e+04
1.335 4.056e+04
1.345 3.892e+04
1.355 3.672e+04
1.365 3.502e+04
1.375 3.266e+04
1.385 3.118e+04
1.395 2.978e+04
1.405 2.801e+04
1.415 2.685e+04
1.425 2.579e+04
1.435 2.475e+04
1.445 2.374e+04
1.455 2.260e+04
1.465 2.185e+04
1.475 2.109e+04
1.485 2.002e+04
1.495 1.920e+04
