0.41390 2.54409
0.43380 2.77081
0.45380 2.85703
0.47370 2.71802
0.49370 2.50420
0.51360 2.28691
0.53360 2.07557
0.55350 1.90108
0.57350 1.78345
0.59340 1.71441
0.61340 1.67029
0.63330 1.65265
0.65330 1.62043
0.67320 1.57743
0.69320 1.51894
0.71310 1.43555
0.73310 1.32677
0.75300 1.21696
0.77300 1.12926
0.79290 1.08340
0.81290 1.05955
0.83280 1.04886
0.85280 1.04581
0.87270 1.03332
0.89270 1.01227
0.91260 0.96573
0.93260 0.89607
0.95250 0.81890
0.97250 0.73362
0.99240 0.64717
1.01240 0.57024
1.03230 0.49731
1.05230 0.43887
1.07220 0.38595
1.09220 0.34091
1.11220 0.30014
1.13210 0.26362
1.15210 0.23134
1.17200 0.20329
1.19200 0.17798
1.21190 0.15681
1.23190 0.13872
1.25180 0.12196
1.27180 0.10859
1.29170 0.09723
1.31170 0.08634
1.33160 0.07770
1.35160 0.06958
1.37150 0.06238
1.39150 0.05561
1.41140 0.04943
1.43140 0.04388
1.45130 0.03977
1.47130 0.03419
1.49120 0.02908
1.51120 0.02584
1.53110 0.02212
1.55110 0.01861
1.57100 0.01561
1.59100 0.01323
1.61090 0.01090
1.63090 0.00949
1.65080 0.00798
1.67080 0.00623
1.69070 0.00533
1.71070 0.00475
1.73060 0.00397
1.75060 0.00353
1.77050 0.00314
1.79050 0.00268
1.81040 0.00241
1.83040 0.00210
1.85030 0.00185
1.87030 0.00196
1.89030 0.00162
1.91020 0.00169
1.93020 0.00136
1.95010 0.00128
1.97010 0.00111
1.99000 0.00283
