0.005 0.000e+00
0.015 2.004e+03
0.025 4.288e+03
0.035 6.245e+03
0.045 8.136e+03
0.055 9.934e+03
0.065 1.184e+04
0.075 1.430e+04
0.085 1.711e+04
0.095 1.966e+04
0.105 2.186e+04
0.115 2.251e+04
0.125 2.294e+04
0.135 2.324e+04
0.145 2.300e+04
0.155 2.304e+04
0.165 2.302e+04
0.175 2.352e+04
0.185 2.393e+04
0.195 2.515e+04
0.205 2.641e+04
0.215 2.787e+04
0.225 2.982e+04
0.235 3.177e+04
0.245 3.349e+04
0.255 3.428e+04
0.265 3.389e+04
0.275 3.378e+04
0.285 3.237e+04
0.295 3.110e+04
0.305 3.000e+04
0.315 2.862e+04
0.325 2.785e+04
0.335 2.693e+04
0.345 2.641e+04
0.355 2.647e+04
0.365 2.664e+04
0.375 2.730e+04
0.385 2.891e+04
0.395 3.012e+04
0.405 3.220e+04
0.415 3.366e+04
0.425 3.545e+04
0.435 3.802e+04
0.445 4.210e+04
0.455 4.871e+04
0.465 5.773e+04
0.475 6.875e+04
0.485 8.321e+04
0.495 1.002e+05
0.505 1.215e+05
0.515 1.483e+05
0.525 1.805e+05
0.535 2.158e+05
0.545 2.498e+05
0.555 2.815e+05
0.565 3.076e+05
0.575 3.255e+05
0.585 3.375e+05
0.595 3.410e+05
0.605 3.422e+05
0.615 3.418e+05
0.625 3.444e+05
0.635 3.459e+05
0.645 3.507e+05
0.655 3.580e+05
0.665 3.639e+05
0.675 3.662e+05
0.685 3.657e+05
0.695 3.592e+05
0.705 3.490e+05
0.715 3.345e+05
0.725 3.226e+05
0.735 3.074e+05
0.745 2.957e+05
0.755 2.853e+05
0.765 2.734e+05
0.775 2.624e+05
0.785 2.519e+05
0.795 2.415e+05
0.805 2.307e+05
0.815 2.228e+05
0.825 2.144e+05
0.835 2.074e+05
0.845 2.019e+05
0.855 1.955e+05
0.865 1.898e+05
0.875 1.847e+05
0.885 1.798e+05
0.895 1.752e+05
0.905 1.723e+05
0.915 1.675e+05
0.925 1.635e+05
0.935 1.569e+05
0.945 1.494e+05
0.955 1.397e+05
0.965 1.326e+05
0.975 1.263e+05
0.985 1.219e+05
0.995 1.182e+05
1.005 1.157e+05
1.015 1.116e+05
1.025 1.082e+05
1.035 1.035e+05
1.045 9.850e+04
1.055 9.386e+04
1.065 9.012e+04
1.075 8.678e+04
1.085 8.409e+04
1.095 8.140e+04
1.105 7.981e+04
1.115 7.881e+04
1.125 7.760e+04
1.135 7.632e+04
1.145 7.525e+04
1.155 7.514e+04
1.165 7.410e+04
1.175 7.398e+04
1.185 7.450e+04
1.195 7.526e+04
1.205 7.468e+04
1.215 7.379e+04
1.225 7.134e+04
1.235 6.669e+04
1.245 6.300e+04
1.255 5.819e+04
1.265 5.406e+04
1.275 5.072e+04
1.285 4.852e+04
1.295 4.609e+04
1.305 4.493e+04
1.315 4.354e+04
1.325 4.230e+04
1.335 4.068e+04
1.345 3.905e+04
1.355 3.684e+04
1.365 3.514e+04
1.375 3.278e+04
1.385 3.129e+04
1.395 2.992e+04
1.405 2.816e+04
1.415 2.699e+04
1.425 2.594e+04
1.435 2.491e+04
1.445 2.389e+04
1.455 2.276e+04
1.465 2.203e+04
1.475 2.126e+04
1.485 2.023e+04
1.495 1.940e+04
