0.005 0.000e+00
0.015 1.259e+03
0.025 2.769e+03
0.035 4.076e+03
0.045 5.183e+03
0.055 6.154e+03
0.065 7.192e+03
0.075 8.336e+03
0.085 9.534e+03
0.095 1.033e+04
0.105 1.070e+04
0.115 1.023e+04
0.125 9.837e+03
0.135 9.375e+03
0.145 8.723e+03
0.155 8.179e+03
0.165 7.879e+03
0.175 7.489e+03
0.185 7.208e+03
0.195 7.085e+03
0.205 7.268e+03
0.215 7.291e+03
0.225 7.572e+03
0.235 7.621e+03
0.245 7.646e+03
0.255 7.732e+03
0.265 7.573e+03
0.275 7.440e+03
0.285 7.128e+03
0.295 6.749e+03
0.305 6.560e+03
0.315 6.156e+03
0.325 5.911e+03
0.335 5.794e+03
0.345 5.624e+03
0.355 5.757e+03
0.365 5.833e+03
0.375 5.996e+03
0.385 6.400e+03
0.395 6.533e+03
0.405 6.763e+03
0.415 6.345e+03
0.425 5.603e+03
0.435 4.994e+03
0.445 4.237e+03
0.455 3.793e+03
0.465 3.625e+03
0.475 3.616e+03
0.485 3.543e+03
0.495 3.538e+03
0.505 3.679e+03
0.515 3.525e+03
0.525 3.642e+03
0.535 3.689e+03
0.545 3.615e+03
0.555 3.447e+03
0.565 3.388e+03
0.575 3.106e+03
0.585 3.218e+03
0.595 3.421e+03
0.605 3.674e+03
0.615 4.059e+03
0.625 4.629e+03
0.635 5.213e+03
0.645 6.220e+03
0.655 7.161e+03
0.665 9.101e+03
0.675 1.167e+04
0.685 1.598e+04
0.695 2.116e+04
0.705 2.770e+04
0.715 3.565e+04
0.725 4.450e+04
0.735 5.352e+04
0.745 6.407e+04
0.755 7.680e+04
0.765 9.061e+04
0.775 1.049e+05
0.785 1.207e+05
0.795 1.344e+05
0.805 1.452e+05
0.815 1.546e+05
0.825 1.602e+05
0.835 1.642e+05
0.845 1.662e+05
0.855 1.656e+05
0.865 1.644e+05
0.875 1.628e+05
0.885 1.614e+05
0.895 1.596e+05
0.905 1.599e+05
0.915 1.576e+05
0.925 1.555e+05
0.935 1.507e+05
0.945 1.443e+05
0.955 1.350e+05
0.965 1.281e+05
0.975 1.219e+05
0.985 1.170e+05
0.995 1.130e+05
1.005 1.103e+05
1.015 1.062e+05
1.025 1.028e+05
1.035 9.838e+04
1.045 9.344e+04
1.055 8.906e+04
1.065 8.508e+04
1.075 8.181e+04
1.085 7.891e+04
1.095 7.639e+04
1.105 7.466e+04
1.115 7.366e+04
1.125 7.226e+04
1.135 7.077e+04
1.145 6.940e+04
1.155 6.928e+04
1.165 6.818e+04
1.175 6.823e+04
1.185 6.948e+04
1.195 7.095e+04
1.205 7.126e+04
1.215 7.138e+04
1.225 6.961e+04
1.235 6.554e+04
1.245 6.216e+04
1.255 5.756e+04
1.265 5.359e+04
1.275 5.035e+04
1.285 4.822e+04
1.295 4.582e+04
1.305 4.470e+04
1.315 4.333e+04
1.325 4.210e+04
1.335 4.044e+04
1.345 3.882e+04
1.355 3.662e+04
1.365 3.492e+04
1.375 3.255e+04
1.385 3.106e+04
1.395 2.966e+04
1.405 2.790e+04
1.415 2.672e+04
1.425 2.565e+04
1.435 2.461e+04
1.445 2.362e+04
1.455 2.247e+04
1.465 2.171e+04
1.475 2.094e+04
1.485 1.989e+04
1.495 1.903e+04
