1.01240 6.40000
1.03230 5.58157
1.05230 4.92562
1.07220 4.33164
1.09220 3.82616
1.11220 3.36863
1.13210 2.95877
1.15210 2.59646
1.17200 2.28161
1.19200 1.99753
1.21190 1.75996
1.23190 1.55687
1.25180 1.36879
1.27180 1.21873
1.29170 1.09129
1.31170 0.96907
1.33160 0.87200
1.35160 0.78093
1.37150 0.70012
1.39150 0.62416
1.41140 0.55479
1.43140 0.49245
1.45130 0.44631
1.47130 0.38370
1.49120 0.32637
1.51120 0.29001
1.53110 0.24824
1.55110 0.20886
1.57100 0.17514
1.59100 0.14846
1.61090 0.12237
1.63090 0.10651
1.65080 0.08951
1.67080 0.06993
1.69070 0.05985
1.71070 0.05333
1.73060 0.04451
1.75060 0.03965
1.77050 0.03526
1.79050 0.03009
1.81040 0.02705
1.83040 0.02358
1.85030 0.02081
1.87030 0.02198
1.89030 0.01814
1.91020 0.01893
1.93020 0.01525
1.95010 0.01439
1.97010 0.01248
1.99000 0.03175
