0.0148 137
0.0348 691
0.0547 3688
0.0747 11741
0.0946 35667
0.1146 86558
0.1345 140792
0.1545 176915
0.1744 203249
0.1944 230545
0.2143 261016
0.2343 295847
0.2542 333684
0.2742 376238
0.2942 422636
0.3141 474888
0.3341 536014
0.3540 609465
0.3740 701449
0.3939 818251
0.4139 928931
0.4338 1011712
0.4538 1043194
0.4737 992440
0.4937 914367
0.5136 835025
0.5336 757860
0.5535 694145
0.5735 651197
0.5934 625989
0.6134 609879
0.6333 603438
0.6533 591671
0.6732 575973
0.6932 554615
0.7131 524166
0.7331 484446
0.7530 444352
0.7730 412329
0.7929 395586
0.8129 386877
0.8328 382975
0.8528 381859
0.8727 377300
0.8927 369613
0.9126 352618
0.9326 327184
0.9525 299009
0.9725 267870
0.9924 236304
1.0124 208212
1.0323 181586
1.0523 160246
1.0722 140922
1.0922 124477
1.1122 109592
1.1321 96258
1.1521 84471
1.1720 74228
1.1920 64986
1.2119 57257
1.2319 50650
1.2518 44531
1.2718 39649
1.2917 35503
1.3117 31527
1.3316 28369
1.3516 25406
1.3715 22777
1.3915 20306
1.4114 18049
1.4314 16021
1.4513 14520
1.4713 12483
1.4912 10618
1.5112 9435
1.5311 8076
1.5511 6795
1.5710 5698
1.5910 4830
1.6109 3981
1.6309 3465
1.6508 2912
1.6708 2275
1.6907 1947
1.7107 1735
1.7306 1448
1.7506 1290
1.7705 1147
1.7905 979
1.8104 880
1.8304 767
1.8503 677
1.8703 715
1.8903 590
1.9102 616
1.9302 496
1.9501 468
1.9701 406
1.9900 1033
