1.000e+00 5.914e-10 8.084e-09 8.676e-09
1.090e+00 5.914e-10 8.605e-09 9.197e-09
1.188e+00 5.914e-10 9.140e-09 9.731e-09
1.294e+00 5.914e-10 9.687e-09 1.028e-08
1.411e+00 5.914e-10 1.024e-08 1.083e-08
1.538e+00 5.914e-10 1.080e-08 1.139e-08
1.676e+00 5.913e-10 1.136e-08 1.195e-08
1.826e+00 5.913e-10 1.191e-08 1.250e-08
1.990e+00 5.913e-10 1.246e-08 1.305e-08
2.169e+00 5.913e-10 1.299e-08 1.358e-08
2.364e+00 5.912e-10 1.350e-08 1.409e-08
2.576e+00 5.912e-10 1.399e-08 1.458e-08
2.808e+00 5.911e-10 1.444e-08 1.503e-08
3.060e+00 5.911e-10 1.486e-08 1.545e-08
3.335e+00 5.910e-10 1.523e-08 1.582e-08
3.635e+00 5.909e-10 1.556e-08 1.615e-08
3.961e+00 5.908e-10 1.584e-08 1.643e-08
4.317e+00 5.907e-10 1.606e-08 1.665e-08
4.705e+00 5.906e-10 1.622e-08 1.681e-08
5.128e+00 5.904e-10 1.632e-08 1.691e-08
5.588e+00 5.902e-10 1.636e-08 1.695e-08
6.090e+00 5.900e-10 1.633e-08 1.692e-08
6.638e+00 5.897e-10 1.623e-08 1.682e-08
7.234e+00 5.893e-10 1.607e-08 1.666e-08
7.884e+00 5.889e-10 1.584e-08 1.643e-08
8.592e+00 5.885e-10 1.555e-08 1.614e-08
9.364e+00 5.879e-10 1.521e-08 1.579e-08
1.021e+01 5.873e-10 1.480e-08 1.539e-08
1.112e+01 5.865e-10 1.435e-08 1.493e-08
1.212e+01 5.856e-10 1.385e-08 1.443e-08
1.321e+01 5.845e-10 1.331e-08 1.389e-08
1.440e+01 5.832e-10 1.273e-08 1.331e-08
1.569e+01 5.818e-10 1.213e-08 1.271e-08
1.710e+01 5.800e-10 1.150e-08 1.208e-08
1.864e+01 5.779e-10 1.086e-08 1.144e-08
2.031e+01 5.755e-10 1.021e-08 1.078e-08
2.214e+01 5.727e-10 9.552e-09 1.013e-08
2.413e+01 5.694e-10 8.899e-09 9.468e-09
2.629e+01 5.657e-10 8.254e-09 8.820e-09
2.866e+01 5.613e-10 7.622e-09 8.183e-09
3.123e+01 5.562e-10 7.006e-09 7.562e-09
3.404e+01 5.505e-10 6.412e-09 6.962e-09
3.709e+01 5.439e-10 5.840e-09 6.384e-09
4.043e+01 5.365e-10 5.297e-09 5.834e-09
4.406e+01 5.282e-10 4.782e-09 5.310e-09
4.802e+01 5.189e-10 4.299e-09 4.818e-09
5.233e+01 5.086e-10 3.845e-09 4.354e-09
5.703e+01 4.973e-10 3.426e-09 3.923e-09
6.216e+01 4.850e-10 3.037e-09 3.522e-09
6.774e+01 4.718e-10 2.682e-09 3.154e-09
7.383e+01 4.577e-10 2.357e-09 2.815e-09
8.046e+01 4.427e-10 2.063e-09 2.505e-09
8.769e+01 4.270e-10 1.797e-09 2.224e-09
9.557e+01 4.106e-10 1.558e-09 1.969e-09
1.042e+02 3.937e-10 1.346e-09 1.740e-09
1.135e+02 3.763e-10 1.157e-09 1.534e-09
1.237e+02 3.586e-10 9.911e-10 1.350e-09
1.348e+02 3.407e-10 8.448e-10 1.185e-09
1.469e+02 3.226e-10 7.174e-10 1.040e-09
1.601e+02 3.045e-10 6.063e-10 9.108e-10
1.745e+02 2.866e-10 5.106e-10 7.971e-10
1.902e+02 2.688e-10 4.279e-10 6.967e-10
2.073e+02 2.513e-10 3.574e-10 6.086e-10
2.259e+02 2.342e-10 2.971e-10 5.312e-10
2.462e+02 2.175e-10 2.460e-10 4.635e-10
2.683e+02 2.014e-10 2.029e-10 4.043e-10
2.924e+02 1.859e-10 1.667e-10 3.525e-10
3.187e+02 1.710e-10 1.364e-10 3.073e-10
3.473e+02 1.568e-10 1.111e-10 2.679e-10
3.786e+02 1.433e-10 9.020e-11 2.335e-10
4.126e+02 1.306e-10 7.291e-11 2.035e-10
4.496e+02 1.187e-10 5.873e-11 1.774e-10
4.900e+02 1.075e-10 4.711e-11 1.546e-10
5.341e+02 9.704e-11 3.766e-11 1.347e-10
5.820e+02 8.737e-11 2.998e-11 1.173e-10
6.343e+02 7.843e-11 2.378e-11 1.022e-10
6.913e+02 7.020e-11 1.879e-11 8.900e-11
7.534e+02 6.266e-11 1.480e-11 7.746e-11
8.211e+02 5.577e-11 1.161e-11 6.738e-11
8.949e+02 4.950e-11 9.077e-12 5.857e-11
9.753e+02 4.381e-11 7.071e-12 5.088e-11
1.063e+03 3.866e-11 5.488e-12 4.415e-11
1.158e+03 3.403e-11 4.246e-12 3.827e-11
1.262e+03 2.987e-11 3.273e-12 3.314e-11
1.376e+03 2.614e-11 2.515e-12 2.865e-11
1.500e+03 2.281e-11 1.926e-12 2.474e-11
1.634e+03 1.986e-11 1.470e-12 2.133e-11
1.781e+03 1.723e-11 1.118e-12 1.835e-11
1.941e+03 1.492e-11 8.482e-13 1.576e-11
2.116e+03 1.287e-11 6.410e-13 1.351e-11
2.306e+03 1.108e-11 4.830e-13 1.156e-11
2.513e+03 9.505e-12 3.627e-13 9.868e-12
2.738e+03 8.133e-12 2.715e-13 8.404e-12
2.985e+03 6.938e-12 2.026e-13 7.141e-12
3.253e+03 5.902e-12 1.506e-13 6.053e-12
3.545e+03 5.007e-12 1.117e-13 5.118e-12
3.863e+03 4.234e-12 8.251e-14 4.317e-12
4.210e+03 3.571e-12 6.078e-14 3.632e-12
4.589e+03 3.003e-12 4.462e-14 3.048e-12
5.001e+03 2.518e-12 3.266e-14 2.551e-12
