1.000e+00 7.635e-10 1.022e-08 1.098e-08
1.090e+00 7.635e-10 1.088e-08 1.164e-08
1.188e+00 7.635e-10 1.156e-08 1.232e-08
1.294e+00 7.634e-10 1.225e-08 1.301e-08
1.411e+00 7.634e-10 1.295e-08 1.371e-08
1.538e+00 7.634e-10 1.366e-08 1.442e-08
1.676e+00 7.633e-10 1.436e-08 1.512e-08
1.826e+00 7.633e-10 1.506e-08 1.583e-08
1.990e+00 7.632e-10 1.575e-08 1.652e-08
2.169e+00 7.632e-10 1.642e-08 1.719e-08
2.364e+00 7.631e-10 1.707e-08 1.783e-08
2.576e+00 7.630e-10 1.768e-08 1.845e-08
2.808e+00 7.629e-10 1.826e-08 1.902e-08
3.060e+00 7.627e-10 1.879e-08 1.955e-08
3.335e+00 7.625e-10 1.926e-08 2.003e-08
3.635e+00 7.624e-10 1.968e-08 2.044e-08
3.961e+00 7.621e-10 2.003e-08 2.079e-08
4.317e+00 7.618e-10 2.031e-08 2.107e-08
4.705e+00 7.615e-10 2.052e-08 2.128e-08
5.128e+00 7.611e-10 2.064e-08 2.140e-08
5.588e+00 7.607e-10 2.069e-08 2.145e-08
6.090e+00 7.601e-10 2.065e-08 2.141e-08
6.638e+00 7.595e-10 2.053e-08 2.129e-08
7.234e+00 7.587e-10 2.032e-08 2.108e-08
7.884e+00 7.578e-10 2.003e-08 2.079e-08
8.592e+00 7.567e-10 1.967e-08 2.042e-08
9.364e+00 7.555e-10 1.923e-08 1.998e-08
1.021e+01 7.540e-10 1.871e-08 1.947e-08
1.112e+01 7.522e-10 1.814e-08 1.889e-08
1.212e+01 7.502e-10 1.750e-08 1.825e-08
1.321e+01 7.478e-10 1.681e-08 1.756e-08
1.440e+01 7.450e-10 1.608e-08 1.683e-08
1.569e+01 7.417e-10 1.532e-08 1.606e-08
1.710e+01 7.378e-10 1.452e-08 1.526e-08
1.864e+01 7.333e-10 1.371e-08 1.444e-08
2.031e+01 7.282e-10 1.288e-08 1.361e-08
2.214e+01 7.222e-10 1.205e-08 1.277e-08
2.413e+01 7.154e-10 1.122e-08 1.193e-08
2.629e+01 7.077e-10 1.040e-08 1.111e-08
2.866e+01 6.989e-10 9.594e-09 1.029e-08
3.123e+01 6.890e-10 8.812e-09 9.501e-09
3.404e+01 6.779e-10 8.057e-09 8.735e-09
3.709e+01 6.656e-10 7.332e-09 7.998e-09
4.043e+01 6.521e-10 6.643e-09 7.295e-09
4.406e+01 6.373e-10 5.989e-09 6.627e-09
4.802e+01 6.214e-10 5.377e-09 5.998e-09
5.233e+01 6.043e-10 4.803e-09 5.407e-09
5.703e+01 5.861e-10 4.272e-09 4.858e-09
6.216e+01 5.670e-10 3.781e-09 4.348e-09
6.774e+01 5.469e-10 3.332e-09 3.879e-09
7.383e+01 5.261e-10 2.922e-09 3.448e-09
8.046e+01 5.047e-10 2.551e-09 3.056e-09
8.769e+01 4.828e-10 2.217e-09 2.700e-09
9.557e+01 4.605e-10 1.918e-09 2.379e-09
1.042e+02 4.380e-10 1.652e-09 2.090e-09
1.135e+02 4.153e-10 1.416e-09 1.831e-09
1.237e+02 3.927e-10 1.209e-09 1.601e-09
1.348e+02 3.702e-10 1.027e-09 1.397e-09
1.469e+02 3.479e-10 8.687e-10 1.217e-09
1.601e+02 3.260e-10 7.313e-10 1.057e-09
1.745e+02 3.046e-10 6.133e-10 9.179e-10
1.902e+02 2.837e-10 5.119e-10 7.956e-10
2.073e+02 2.635e-10 4.255e-10 6.891e-10
2.259e+02 2.441e-10 3.521e-10 5.962e-10
2.462e+02 2.254e-10 2.902e-10 5.156e-10
2.683e+02 2.075e-10 2.381e-10 4.456e-10
2.924e+02 1.905e-10 1.946e-10 3.851e-10
3.187e+02 1.744e-10 1.584e-10 3.328e-10
3.473e+02 1.592e-10 1.284e-10 2.876e-10
3.786e+02 1.450e-10 1.036e-10 2.486e-10
4.126e+02 1.316e-10 8.333e-11 2.150e-10
4.496e+02 1.192e-10 6.676e-11 1.859e-10
4.900e+02 1.076e-10 5.326e-11 1.609e-10
5.341e+02 9.695e-11 4.235e-11 1.393e-10
5.820e+02 8.709e-11 3.353e-11 1.206e-10
6.343e+02 7.802e-11 2.646e-11 1.045e-10
6.913e+02 6.972e-11 2.081e-11 9.052e-11
7.534e+02 6.213e-11 1.630e-11 7.843e-11
8.211e+02 5.522e-11 1.273e-11 6.795e-11
8.949e+02 4.895e-11 9.903e-12 5.886e-11
9.753e+02 4.328e-11 7.679e-12 5.096e-11
1.063e+03 3.816e-11 5.934e-12 4.409e-11
1.158e+03 3.355e-11 4.571e-12 3.812e-11
1.262e+03 2.942e-11 3.509e-12 3.293e-11
1.376e+03 2.572e-11 2.686e-12 2.841e-11
1.500e+03 2.243e-11 2.048e-12 2.448e-11
1.634e+03 1.950e-11 1.558e-12 2.106e-11
1.781e+03 1.691e-11 1.180e-12 1.809e-11
1.941e+03 1.462e-11 8.918e-13 1.551e-11
2.116e+03 1.260e-11 6.715e-13 1.327e-11
2.306e+03 1.083e-11 5.041e-13 1.133e-11
2.513e+03 9.280e-12 3.772e-13 9.657e-12
2.738e+03 7.929e-12 2.813e-13 8.210e-12
2.985e+03 6.754e-12 2.092e-13 6.964e-12
3.253e+03 5.737e-12 1.550e-13 5.892e-12
3.545e+03 4.858e-12 1.145e-13 4.972e-12
3.863e+03 4.101e-12 8.433e-14 4.185e-12
4.210e+03 3.452e-12 6.190e-14 3.514e-12
4.589e+03 2.897e-12 4.529e-14 2.942e-12
5.001e+03 2.423e-12 3.303e-14 2.456e-12
