1.000e+00 6.817e-10 9.210e-09 9.892e-09
1.090e+00 6.816e-10 9.804e-09 1.049e-08
1.188e+00 6.816e-10 1.041e-08 1.109e-08
1.294e+00 6.816e-10 1.104e-08 1.172e-08
1.411e+00 6.816e-10 1.167e-08 1.235e-08
1.538e+00 6.816e-10 1.230e-08 1.299e-08
1.676e+00 6.815e-10 1.294e-08 1.362e-08
1.826e+00 6.815e-10 1.357e-08 1.425e-08
1.990e+00 6.815e-10 1.419e-08 1.488e-08
2.169e+00 6.814e-10 1.480e-08 1.548e-08
2.364e+00 6.814e-10 1.538e-08 1.606e-08
2.576e+00 6.813e-10 1.593e-08 1.662e-08
2.808e+00 6.812e-10 1.645e-08 1.713e-08
3.060e+00 6.811e-10 1.693e-08 1.761e-08
3.335e+00 6.810e-10 1.736e-08 1.804e-08
3.635e+00 6.809e-10 1.773e-08 1.841e-08
3.961e+00 6.807e-10 1.805e-08 1.873e-08
4.317e+00 6.805e-10 1.830e-08 1.898e-08
4.705e+00 6.803e-10 1.849e-08 1.917e-08
5.128e+00 6.800e-10 1.860e-08 1.928e-08
5.588e+00 6.797e-10 1.864e-08 1.932e-08
6.090e+00 6.793e-10 1.860e-08 1.928e-08
6.638e+00 6.789e-10 1.850e-08 1.918e-08
7.234e+00 6.784e-10 1.831e-08 1.899e-08
7.884e+00 6.778e-10 1.805e-08 1.873e-08
8.592e+00 6.770e-10 1.772e-08 1.840e-08
9.364e+00 6.762e-10 1.733e-08 1.800e-08
1.021e+01 6.751e-10 1.687e-08 1.754e-08
1.112e+01 6.739e-10 1.635e-08 1.702e-08
1.212e+01 6.725e-10 1.578e-08 1.645e-08
1.321e+01 6.708e-10 1.516e-08 1.583e-08
1.440e+01 6.688e-10 1.450e-08 1.517e-08
1.569e+01 6.665e-10 1.381e-08 1.448e-08
1.710e+01 6.638e-10 1.310e-08 1.376e-08
1.864e+01 6.607e-10 1.236e-08 1.302e-08
2.031e+01 6.570e-10 1.162e-08 1.228e-08
2.214e+01 6.527e-10 1.087e-08 1.152e-08
2.413e+01 6.478e-10 1.013e-08 1.077e-08
2.629e+01 6.422e-10 9.390e-09 1.003e-08
2.866e+01 6.357e-10 8.667e-09 9.303e-09
3.123e+01 6.283e-10 7.964e-09 8.592e-09
3.404e+01 6.200e-10 7.285e-09 7.905e-09
3.709e+01 6.106e-10 6.633e-09 7.243e-09
4.043e+01 6.002e-10 6.013e-09 6.613e-09
4.406e+01 5.886e-10 5.424e-09 6.013e-09
4.802e+01 5.760e-10 4.873e-09 5.449e-09
5.233e+01 5.622e-10 4.356e-09 4.918e-09
5.703e+01 5.473e-10 3.878e-09 4.425e-09
6.216e+01 5.314e-10 3.435e-09 3.966e-09
6.774e+01 5.146e-10 3.030e-09 3.545e-09
7.383e+01 4.969e-10 2.660e-09 3.157e-09
8.046e+01 4.784e-10 2.325e-09 2.804e-09
8.769e+01 4.593e-10 2.023e-09 2.483e-09
9.557e+01 4.397e-10 1.752e-09 2.192e-09
1.042e+02 4.197e-10 1.511e-09 1.931e-09
1.135e+02 3.994e-10 1.297e-09 1.697e-09
1.237e+02 3.789e-10 1.109e-09 1.488e-09
1.348e+02 3.584e-10 9.437e-10 1.302e-09
1.469e+02 3.379e-10 7.999e-10 1.138e-09
1.601e+02 3.177e-10 6.747e-10 9.923e-10
1.745e+02 2.977e-10 5.669e-10 8.646e-10
1.902e+02 2.781e-10 4.741e-10 7.522e-10
2.073e+02 2.591e-10 3.949e-10 6.540e-10
2.259e+02 2.405e-10 3.275e-10 5.681e-10
2.462e+02 2.227e-10 2.705e-10 4.932e-10
2.683e+02 2.055e-10 2.225e-10 4.280e-10
2.924e+02 1.890e-10 1.823e-10 3.713e-10
3.187e+02 1.734e-10 1.487e-10 3.221e-10
3.473e+02 1.586e-10 1.208e-10 2.794e-10
3.786e+02 1.446e-10 9.778e-11 2.424e-10
4.126e+02 1.315e-10 7.880e-11 2.103e-10
4.496e+02 1.192e-10 6.329e-11 1.825e-10
4.900e+02 1.078e-10 5.061e-11 1.584e-10
5.341e+02 9.718e-11 4.034e-11 1.375e-10
5.820e+02 8.737e-11 3.201e-11 1.194e-10
6.343e+02 7.834e-11 2.532e-11 1.037e-10
6.913e+02 7.004e-11 1.995e-11 9.000e-11
7.534e+02 6.246e-11 1.567e-11 7.813e-11
8.211e+02 5.555e-11 1.226e-11 6.781e-11
8.949e+02 4.926e-11 9.557e-12 5.882e-11
9.753e+02 4.357e-11 7.427e-12 5.100e-11
1.063e+03 3.844e-11 5.750e-12 4.418e-11
1.158e+03 3.381e-11 4.438e-12 3.825e-11
1.262e+03 2.966e-11 3.413e-12 3.307e-11
1.376e+03 2.595e-11 2.616e-12 2.856e-11
1.500e+03 2.264e-11 1.999e-12 2.463e-11
1.634e+03 1.969e-11 1.523e-12 2.121e-11
1.781e+03 1.708e-11 1.156e-12 1.824e-11
1.941e+03 1.478e-11 8.747e-13 1.565e-11
2.116e+03 1.275e-11 6.597e-13 1.341e-11
2.306e+03 1.096e-11 4.960e-13 1.146e-11
2.513e+03 9.400e-12 3.717e-13 9.772e-12
2.738e+03 8.038e-12 2.777e-13 8.315e-12
2.985e+03 6.852e-12 2.068e-13 7.059e-12
3.253e+03 5.825e-12 1.535e-13 5.978e-12
3.545e+03 4.937e-12 1.136e-13 5.050e-12
3.863e+03 4.172e-12 8.377e-14 4.255e-12
4.210e+03 3.515e-12 6.159e-14 3.576e-12
4.589e+03 2.953e-12 4.513e-14 2.998e-12
5.001e+03 2.473e-12 3.296e-14 2.506e-12
