1.000e+00 2.480e-10 3.652e-09 3.900e-09
1.090e+00 2.480e-10 3.887e-09 4.135e-09
1.188e+00 2.480e-10 4.128e-09 4.376e-09
1.294e+00 2.480e-10 4.375e-09 4.623e-09
1.411e+00 2.480e-10 4.625e-09 4.873e-09
1.538e+00 2.480e-10 4.877e-09 5.125e-09
1.676e+00 2.480e-10 5.128e-09 5.376e-09
1.826e+00 2.480e-10 5.379e-09 5.627e-09
1.990e+00 2.480e-10 5.624e-09 5.872e-09
2.169e+00 2.480e-10 5.863e-09 6.111e-09
2.364e+00 2.480e-10 6.092e-09 6.340e-09
2.576e+00 2.480e-10 6.311e-09 6.559e-09
2.808e+00 2.480e-10 6.515e-09 6.763e-09
3.060e+00 2.480e-10 6.702e-09 6.950e-09
3.335e+00 2.480e-10 6.871e-09 7.119e-09
3.635e+00 2.480e-10 7.018e-09 7.266e-09
3.961e+00 2.480e-10 7.142e-09 7.390e-09
4.317e+00 2.480e-10 7.240e-09 7.488e-09
4.705e+00 2.479e-10 7.313e-09 7.561e-09
5.128e+00 2.479e-10 7.356e-09 7.604e-09
5.588e+00 2.479e-10 7.371e-09 7.619e-09
6.090e+00 2.479e-10 7.356e-09 7.604e-09
6.638e+00 2.479e-10 7.312e-09 7.559e-09
7.234e+00 2.478e-10 7.237e-09 7.485e-09
7.884e+00 2.478e-10 7.134e-09 7.382e-09
8.592e+00 2.478e-10 7.003e-09 7.251e-09
9.364e+00 2.477e-10 6.845e-09 7.093e-09
1.021e+01 2.477e-10 6.663e-09 6.911e-09
1.112e+01 2.476e-10 6.458e-09 6.705e-09
1.212e+01 2.475e-10 6.232e-09 6.480e-09
1.321e+01 2.474e-10 5.988e-09 6.236e-09
1.440e+01 2.473e-10 5.729e-09 5.976e-09
1.569e+01 2.472e-10 5.458e-09 5.705e-09
1.710e+01 2.470e-10 5.176e-09 5.423e-09
1.864e+01 2.468e-10 4.888e-09 5.135e-09
2.031e+01 2.466e-10 4.595e-09 4.842e-09
2.214e+01 2.463e-10 4.302e-09 4.548e-09
2.413e+01 2.460e-10 4.009e-09 4.255e-09
2.629e+01 2.457e-10 3.720e-09 3.966e-09
2.866e+01 2.452e-10 3.437e-09 3.682e-09
3.123e+01 2.447e-10 3.161e-09 3.406e-09
3.404e+01 2.441e-10 2.895e-09 3.139e-09
3.709e+01 2.434e-10 2.640e-09 2.883e-09
4.043e+01 2.426e-10 2.397e-09 2.640e-09
4.406e+01 2.416e-10 2.166e-09 2.408e-09
4.802e+01 2.404e-10 1.950e-09 2.191e-09
5.233e+01 2.391e-10 1.748e-09 1.987e-09
5.703e+01 2.376e-10 1.560e-09 1.798e-09
6.216e+01 2.358e-10 1.386e-09 1.622e-09
6.774e+01 2.337e-10 1.227e-09 1.461e-09
7.383e+01 2.313e-10 1.082e-09 1.313e-09
8.046e+01 2.285e-10 9.496e-10 1.178e-09
8.769e+01 2.254e-10 8.303e-10 1.056e-09
9.557e+01 2.219e-10 7.230e-10 9.449e-10
1.042e+02 2.180e-10 6.273e-10 8.452e-10
1.135e+02 2.136e-10 5.419e-10 7.555e-10
1.237e+02 2.087e-10 4.667e-10 6.754e-10
1.348e+02 2.034e-10 4.001e-10 6.035e-10
1.469e+02 1.976e-10 3.420e-10 5.396e-10
1.601e+02 1.914e-10 2.911e-10 4.825e-10
1.745e+02 1.848e-10 2.470e-10 4.318e-10
1.902e+02 1.778e-10 2.088e-10 3.866e-10
2.073e+02 1.705e-10 1.759e-10 3.464e-10
2.259e+02 1.629e-10 1.477e-10 3.106e-10
2.462e+02 1.551e-10 1.236e-10 2.787e-10
2.683e+02 1.471e-10 1.031e-10 2.502e-10
2.924e+02 1.391e-10 8.566e-11 2.247e-10
3.187e+02 1.309e-10 7.098e-11 2.019e-10
3.473e+02 1.228e-10 5.859e-11 1.814e-10
3.786e+02 1.148e-10 4.823e-11 1.630e-10
4.126e+02 1.069e-10 3.955e-11 1.464e-10
4.496e+02 9.908e-11 3.235e-11 1.314e-10
4.900e+02 9.151e-11 2.635e-11 1.179e-10
5.341e+02 8.418e-11 2.141e-11 1.056e-10
5.820e+02 7.713e-11 1.732e-11 9.445e-11
6.343e+02 7.039e-11 1.398e-11 8.437e-11
6.913e+02 6.398e-11 1.123e-11 7.521e-11
7.534e+02 5.792e-11 8.999e-12 6.692e-11
8.211e+02 5.223e-11 7.183e-12 5.941e-11
8.949e+02 4.691e-11 5.713e-12 5.262e-11
9.753e+02 4.197e-11 4.528e-12 4.649e-11
1.063e+03 3.740e-11 3.575e-12 4.097e-11
1.158e+03 3.320e-11 2.813e-12 3.601e-11
1.262e+03 2.936e-11 2.205e-12 3.157e-11
1.376e+03 2.587e-11 1.722e-12 2.760e-11
1.500e+03 2.272e-11 1.340e-12 2.406e-11
1.634e+03 1.987e-11 1.039e-12 2.091e-11
1.781e+03 1.733e-11 8.022e-13 1.813e-11
1.941e+03 1.505e-11 6.174e-13 1.567e-11
2.116e+03 1.304e-11 4.733e-13 1.351e-11
2.306e+03 1.125e-11 3.616e-13 1.162e-11
2.513e+03 9.683e-12 2.753e-13 9.958e-12
2.738e+03 8.306e-12 2.088e-13 8.515e-12
2.985e+03 7.103e-12 1.578e-13 7.261e-12
3.253e+03 6.056e-12 1.188e-13 6.175e-12
3.545e+03 5.148e-12 8.920e-14 5.237e-12
3.863e+03 4.363e-12 6.672e-14 4.430e-12
4.210e+03 3.688e-12 4.974e-14 3.737e-12
4.589e+03 3.108e-12 3.695e-14 3.145e-12
5.001e+03 2.612e-12 2.736e-14 2.639e-12
