1.000e+00 1.024e-10 1.637e-09 1.739e-09
1.090e+00 1.024e-10 1.742e-09 1.845e-09
1.188e+00 1.024e-10 1.850e-09 1.953e-09
1.294e+00 1.024e-10 1.960e-09 2.063e-09
1.411e+00 1.024e-10 2.072e-09 2.175e-09
1.538e+00 1.024e-10 2.185e-09 2.287e-09
1.676e+00 1.024e-10 2.297e-09 2.400e-09
1.826e+00 1.024e-10 2.409e-09 2.511e-09
1.990e+00 1.024e-10 2.519e-09 2.621e-09
2.169e+00 1.024e-10 2.625e-09 2.728e-09
2.364e+00 1.024e-10 2.728e-09 2.830e-09
2.576e+00 1.024e-10 2.825e-09 2.927e-09
2.808e+00 1.024e-10 2.916e-09 3.018e-09
3.060e+00 1.024e-10 2.999e-09 3.102e-09
3.335e+00 1.024e-10 3.074e-09 3.176e-09
3.635e+00 1.024e-10 3.139e-09 3.241e-09
3.961e+00 1.024e-10 3.194e-09 3.296e-09
4.317e+00 1.024e-10 3.237e-09 3.340e-09
4.705e+00 1.024e-10 3.269e-09 3.371e-09
5.128e+00 1.024e-10 3.287e-09 3.390e-09
5.588e+00 1.024e-10 3.293e-09 3.396e-09
6.090e+00 1.024e-10 3.286e-09 3.388e-09
6.638e+00 1.024e-10 3.265e-09 3.368e-09
7.234e+00 1.024e-10 3.231e-09 3.333e-09
7.884e+00 1.024e-10 3.184e-09 3.287e-09
8.592e+00 1.024e-10 3.125e-09 3.227e-09
9.364e+00 1.023e-10 3.054e-09 3.156e-09
1.021e+01 1.023e-10 2.971e-09 3.074e-09
1.112e+01 1.023e-10 2.879e-09 2.981e-09
1.212e+01 1.023e-10 2.777e-09 2.880e-09
1.321e+01 1.023e-10 2.668e-09 2.770e-09
1.440e+01 1.023e-10 2.552e-09 2.654e-09
1.569e+01 1.023e-10 2.430e-09 2.532e-09
1.710e+01 1.023e-10 2.304e-09 2.406e-09
1.864e+01 1.022e-10 2.175e-09 2.277e-09
2.031e+01 1.022e-10 2.044e-09 2.147e-09
2.214e+01 1.022e-10 1.913e-09 2.015e-09
2.413e+01 1.021e-10 1.783e-09 1.885e-09
2.629e+01 1.021e-10 1.654e-09 1.756e-09
2.866e+01 1.020e-10 1.527e-09 1.629e-09
3.123e+01 1.020e-10 1.405e-09 1.507e-09
3.404e+01 1.019e-10 1.286e-09 1.388e-09
3.709e+01 1.018e-10 1.173e-09 1.274e-09
4.043e+01 1.017e-10 1.065e-09 1.166e-09
4.406e+01 1.016e-10 9.622e-10 1.064e-09
4.802e+01 1.014e-10 8.663e-10 9.677e-10
5.233e+01 1.012e-10 7.763e-10 8.775e-10
5.703e+01 1.010e-10 6.931e-10 7.941e-10
6.216e+01 1.008e-10 6.159e-10 7.167e-10
6.774e+01 1.005e-10 5.454e-10 6.459e-10
7.383e+01 1.002e-10 4.809e-10 5.810e-10
8.046e+01 9.975e-11 4.224e-10 5.221e-10
8.769e+01 9.928e-11 3.696e-10 4.688e-10
9.557e+01 9.873e-11 3.221e-10 4.208e-10
1.042e+02 9.809e-11 2.797e-10 3.778e-10
1.135e+02 9.735e-11 2.419e-10 3.393e-10
1.237e+02 9.649e-11 2.086e-10 3.051e-10
1.348e+02 9.549e-11 1.791e-10 2.746e-10
1.469e+02 9.436e-11 1.534e-10 2.478e-10
1.601e+02 9.306e-11 1.309e-10 2.239e-10
1.745e+02 9.159e-11 1.113e-10 2.029e-10
1.902e+02 8.994e-11 9.435e-11 1.843e-10
2.073e+02 8.809e-11 7.976e-11 1.679e-10
2.259e+02 8.605e-11 6.719e-11 1.532e-10
2.462e+02 8.380e-11 5.646e-11 1.403e-10
2.683e+02 8.135e-11 4.729e-11 1.286e-10
2.924e+02 7.870e-11 3.950e-11 1.182e-10
3.187e+02 7.588e-11 3.291e-11 1.088e-10
3.473e+02 7.289e-11 2.733e-11 1.002e-10
3.786e+02 6.975e-11 2.265e-11 9.241e-11
4.126e+02 6.650e-11 1.871e-11 8.521e-11
4.496e+02 6.315e-11 1.542e-11 7.857e-11
4.900e+02 5.972e-11 1.267e-11 7.239e-11
5.341e+02 5.626e-11 1.039e-11 6.665e-11
5.820e+02 5.278e-11 8.491e-12 6.127e-11
6.343e+02 4.930e-11 6.924e-12 5.623e-11
6.913e+02 4.587e-11 5.628e-12 5.149e-11
7.534e+02 4.249e-11 4.563e-12 4.705e-11
8.211e+02 3.919e-11 3.689e-12 4.288e-11
8.949e+02 3.598e-11 2.973e-12 3.896e-11
9.753e+02 3.290e-11 2.389e-12 3.529e-11
1.063e+03 2.994e-11 1.914e-12 3.185e-11
1.158e+03 2.713e-11 1.529e-12 2.866e-11
1.262e+03 2.447e-11 1.216e-12 2.568e-11
1.376e+03 2.197e-11 9.653e-13 2.293e-11
1.500e+03 1.963e-11 7.631e-13 2.040e-11
1.634e+03 1.747e-11 6.014e-13 1.807e-11
1.781e+03 1.547e-11 4.721e-13 1.594e-11
1.941e+03 1.364e-11 3.694e-13 1.401e-11
2.116e+03 1.197e-11 2.879e-13 1.226e-11
2.306e+03 1.046e-11 2.236e-13 1.069e-11
2.513e+03 9.105e-12 1.730e-13 9.278e-12
2.738e+03 7.889e-12 1.333e-13 8.022e-12
2.985e+03 6.807e-12 1.024e-13 6.910e-12
3.253e+03 5.850e-12 7.828e-14 5.929e-12
3.545e+03 5.008e-12 5.965e-14 5.068e-12
3.863e+03 4.271e-12 4.527e-14 4.316e-12
4.210e+03 3.629e-12 3.424e-14 3.663e-12
4.589e+03 3.072e-12 2.579e-14 3.098e-12
5.001e+03 2.592e-12 1.936e-14 2.611e-12
