1.000e+00 4.909e-10 6.814e-09 7.305e-09
1.090e+00 4.909e-10 7.253e-09 7.744e-09
1.188e+00 4.909e-10 7.704e-09 8.195e-09
1.294e+00 4.909e-10 8.164e-09 8.655e-09
1.411e+00 4.909e-10 8.631e-09 9.122e-09
1.538e+00 4.908e-10 9.102e-09 9.593e-09
1.676e+00 4.908e-10 9.573e-09 1.006e-08
1.826e+00 4.908e-10 1.004e-08 1.053e-08
1.990e+00 4.908e-10 1.050e-08 1.099e-08
2.169e+00 4.908e-10 1.095e-08 1.144e-08
2.364e+00 4.908e-10 1.138e-08 1.187e-08
2.576e+00 4.907e-10 1.179e-08 1.228e-08
2.808e+00 4.907e-10 1.217e-08 1.266e-08
3.060e+00 4.907e-10 1.252e-08 1.301e-08
3.335e+00 4.906e-10 1.284e-08 1.333e-08
3.635e+00 4.906e-10 1.311e-08 1.360e-08
3.961e+00 4.905e-10 1.335e-08 1.384e-08
4.317e+00 4.905e-10 1.353e-08 1.402e-08
4.705e+00 4.904e-10 1.367e-08 1.416e-08
5.128e+00 4.903e-10 1.375e-08 1.424e-08
5.588e+00 4.902e-10 1.378e-08 1.427e-08
6.090e+00 4.900e-10 1.376e-08 1.425e-08
6.638e+00 4.899e-10 1.367e-08 1.416e-08
7.234e+00 4.897e-10 1.354e-08 1.403e-08
7.884e+00 4.895e-10 1.335e-08 1.384e-08
8.592e+00 4.892e-10 1.310e-08 1.359e-08
9.364e+00 4.889e-10 1.281e-08 1.330e-08
1.021e+01 4.885e-10 1.247e-08 1.296e-08
1.112e+01 4.881e-10 1.209e-08 1.258e-08
1.212e+01 4.876e-10 1.167e-08 1.215e-08
1.321e+01 4.870e-10 1.121e-08 1.170e-08
1.440e+01 4.862e-10 1.073e-08 1.121e-08
1.569e+01 4.854e-10 1.022e-08 1.070e-08
1.710e+01 4.844e-10 9.692e-09 1.018e-08
1.864e+01 4.832e-10 9.152e-09 9.635e-09
2.031e+01 4.818e-10 8.604e-09 9.086e-09
2.214e+01 4.801e-10 8.054e-09 8.534e-09
2.413e+01 4.782e-10 7.504e-09 7.983e-09
2.629e+01 4.759e-10 6.962e-09 7.438e-09
2.866e+01 4.733e-10 6.430e-09 6.904e-09
3.123e+01 4.703e-10 5.913e-09 6.383e-09
3.404e+01 4.668e-10 5.413e-09 5.880e-09
3.709e+01 4.627e-10 4.933e-09 5.396e-09
4.043e+01 4.580e-10 4.477e-09 4.935e-09
4.406e+01 4.527e-10 4.043e-09 4.496e-09
4.802e+01 4.467e-10 3.637e-09 4.084e-09
5.233e+01 4.399e-10 3.255e-09 3.695e-09
5.703e+01 4.323e-10 2.903e-09 3.335e-09
6.216e+01 4.239e-10 2.576e-09 3.000e-09
6.774e+01 4.146e-10 2.277e-09 2.691e-09
7.383e+01 4.045e-10 2.003e-09 2.407e-09
8.046e+01 3.936e-10 1.755e-09 2.148e-09
8.769e+01 3.818e-10 1.531e-09 1.912e-09
9.557e+01 3.694e-10 1.329e-09 1.699e-09
1.042e+02 3.562e-10 1.150e-09 1.506e-09
1.135e+02 3.425e-10 9.902e-10 1.333e-09
1.237e+02 3.283e-10 8.496e-10 1.178e-09
1.348e+02 3.137e-10 7.255e-10 1.039e-09
1.469e+02 2.987e-10 6.174e-10 9.161e-10
1.601e+02 2.836e-10 5.229e-10 8.065e-10
1.745e+02 2.683e-10 4.414e-10 7.097e-10
1.902e+02 2.530e-10 3.709e-10 6.239e-10
2.073e+02 2.378e-10 3.106e-10 5.484e-10
2.259e+02 2.228e-10 2.589e-10 4.817e-10
2.462e+02 2.080e-10 2.151e-10 4.231e-10
2.683e+02 1.935e-10 1.780e-10 3.714e-10
2.924e+02 1.794e-10 1.467e-10 3.260e-10
3.187e+02 1.658e-10 1.204e-10 2.862e-10
3.473e+02 1.526e-10 9.845e-11 2.511e-10
3.786e+02 1.401e-10 8.022e-11 2.203e-10
4.126e+02 1.281e-10 6.509e-11 1.932e-10
4.496e+02 1.168e-10 5.263e-11 1.694e-10
4.900e+02 1.061e-10 4.238e-11 1.485e-10
5.341e+02 9.607e-11 3.401e-11 1.301e-10
5.820e+02 8.672e-11 2.718e-11 1.139e-10
6.343e+02 7.802e-11 2.165e-11 9.967e-11
6.913e+02 6.997e-11 1.717e-11 8.715e-11
7.534e+02 6.256e-11 1.357e-11 7.614e-11
8.211e+02 5.577e-11 1.069e-11 6.646e-11
8.949e+02 4.956e-11 8.387e-12 5.795e-11
9.753e+02 4.391e-11 6.557e-12 5.047e-11
1.063e+03 3.879e-11 5.107e-12 4.390e-11
1.158e+03 3.417e-11 3.965e-12 3.814e-11
1.262e+03 3.001e-11 3.067e-12 3.308e-11
1.376e+03 2.629e-11 2.364e-12 2.865e-11
1.500e+03 2.296e-11 1.816e-12 2.477e-11
1.634e+03 1.999e-11 1.390e-12 2.138e-11
1.781e+03 1.736e-11 1.061e-12 1.842e-11
1.941e+03 1.503e-11 8.067e-13 1.584e-11
2.116e+03 1.298e-11 6.114e-13 1.359e-11
2.306e+03 1.117e-11 4.619e-13 1.164e-11
2.513e+03 9.594e-12 3.477e-13 9.942e-12
2.738e+03 8.214e-12 2.610e-13 8.474e-12
2.985e+03 7.012e-12 1.952e-13 7.207e-12
3.253e+03 5.969e-12 1.455e-13 6.114e-12
3.545e+03 5.066e-12 1.082e-13 5.175e-12
3.863e+03 4.288e-12 8.013e-14 4.368e-12
4.210e+03 3.619e-12 5.917e-14 3.679e-12
4.589e+03 3.046e-12 4.355e-14 3.090e-12
5.001e+03 2.556e-12 3.195e-14 2.588e-12
