1.000e+00 3.774e-10 5.357e-09 5.734e-09
1.090e+00 3.774e-10 5.702e-09 6.079e-09
1.188e+00 3.774e-10 6.056e-09 6.434e-09
1.294e+00 3.774e-10 6.418e-09 6.795e-09
1.411e+00 3.774e-10 6.785e-09 7.162e-09
1.538e+00 3.774e-10 7.155e-09 7.532e-09
1.676e+00 3.774e-10 7.525e-09 7.902e-09
1.826e+00 3.774e-10 7.892e-09 8.269e-09
1.990e+00 3.774e-10 8.252e-09 8.630e-09
2.169e+00 3.774e-10 8.604e-09 8.981e-09
2.364e+00 3.774e-10 8.941e-09 9.318e-09
2.576e+00 3.774e-10 9.262e-09 9.639e-09
2.808e+00 3.774e-10 9.562e-09 9.939e-09
3.060e+00 3.774e-10 9.838e-09 1.022e-08
3.335e+00 3.773e-10 1.009e-08 1.046e-08
3.635e+00 3.773e-10 1.030e-08 1.068e-08
3.961e+00 3.773e-10 1.049e-08 1.086e-08
4.317e+00 3.773e-10 1.063e-08 1.101e-08
4.705e+00 3.772e-10 1.074e-08 1.112e-08
5.128e+00 3.772e-10 1.080e-08 1.118e-08
5.588e+00 3.771e-10 1.083e-08 1.120e-08
6.090e+00 3.771e-10 1.081e-08 1.118e-08
6.638e+00 3.770e-10 1.074e-08 1.112e-08
7.234e+00 3.769e-10 1.063e-08 1.101e-08
7.884e+00 3.768e-10 1.048e-08 1.086e-08
8.592e+00 3.767e-10 1.029e-08 1.067e-08
9.364e+00 3.765e-10 1.006e-08 1.044e-08
1.021e+01 3.764e-10 9.794e-09 1.017e-08
1.112e+01 3.761e-10 9.493e-09 9.869e-09
1.212e+01 3.759e-10 9.162e-09 9.538e-09
1.321e+01 3.756e-10 8.804e-09 9.180e-09
1.440e+01 3.753e-10 8.424e-09 8.799e-09
1.569e+01 3.749e-10 8.025e-09 8.400e-09
1.710e+01 3.744e-10 7.612e-09 7.986e-09
1.864e+01 3.738e-10 7.189e-09 7.562e-09
2.031e+01 3.731e-10 6.758e-09 7.131e-09
2.214e+01 3.723e-10 6.327e-09 6.699e-09
2.413e+01 3.714e-10 5.896e-09 6.267e-09
2.629e+01 3.703e-10 5.471e-09 5.841e-09
2.866e+01 3.690e-10 5.054e-09 5.423e-09
3.123e+01 3.675e-10 4.648e-09 5.016e-09
3.404e+01 3.658e-10 4.257e-09 4.622e-09
3.709e+01 3.637e-10 3.880e-09 4.244e-09
4.043e+01 3.613e-10 3.523e-09 3.884e-09
4.406e+01 3.586e-10 3.183e-09 3.541e-09
4.802e+01 3.554e-10 2.865e-09 3.220e-09
5.233e+01 3.517e-10 2.566e-09 2.917e-09
5.703e+01 3.476e-10 2.289e-09 2.637e-09
6.216e+01 3.428e-10 2.033e-09 2.376e-09
6.774e+01 3.375e-10 1.798e-09 2.136e-09
7.383e+01 3.315e-10 1.584e-09 1.915e-09
8.046e+01 3.249e-10 1.389e-09 1.714e-09
8.769e+01 3.176e-10 1.213e-09 1.531e-09
9.557e+01 3.096e-10 1.055e-09 1.365e-09
1.042e+02 3.009e-10 9.141e-10 1.215e-09
1.135e+02 2.917e-10 7.885e-10 1.080e-09
1.237e+02 2.818e-10 6.778e-10 9.596e-10
1.348e+02 2.714e-10 5.799e-10 8.514e-10
1.469e+02 2.606e-10 4.946e-10 7.552e-10
1.601e+02 2.494e-10 4.199e-10 6.693e-10
1.745e+02 2.378e-10 3.554e-10 5.932e-10
1.902e+02 2.260e-10 2.995e-10 5.255e-10
2.073e+02 2.141e-10 2.515e-10 4.656e-10
2.259e+02 2.021e-10 2.104e-10 4.125e-10
2.462e+02 1.901e-10 1.754e-10 3.655e-10
2.683e+02 1.781e-10 1.456e-10 3.238e-10
2.924e+02 1.664e-10 1.205e-10 2.869e-10
3.187e+02 1.548e-10 9.934e-11 2.541e-10
3.473e+02 1.435e-10 8.157e-11 2.251e-10
3.786e+02 1.326e-10 6.677e-11 1.993e-10
4.126e+02 1.220e-10 5.443e-11 1.764e-10
4.496e+02 1.119e-10 4.423e-11 1.561e-10
4.900e+02 1.022e-10 3.580e-11 1.380e-10
5.341e+02 9.305e-11 2.888e-11 1.219e-10
5.820e+02 8.440e-11 2.320e-11 1.076e-10
6.343e+02 7.628e-11 1.858e-11 9.485e-11
6.913e+02 6.869e-11 1.481e-11 8.351e-11
7.534e+02 6.165e-11 1.177e-11 7.342e-11
8.211e+02 5.514e-11 9.322e-12 6.446e-11
8.949e+02 4.914e-11 7.353e-12 5.650e-11
9.753e+02 4.366e-11 5.780e-12 4.944e-11
1.063e+03 3.865e-11 4.525e-12 4.318e-11
1.158e+03 3.412e-11 3.531e-12 3.765e-11
1.262e+03 3.002e-11 2.745e-12 3.276e-11
1.376e+03 2.633e-11 2.126e-12 2.845e-11
1.500e+03 2.302e-11 1.641e-12 2.466e-11
1.634e+03 2.007e-11 1.262e-12 2.133e-11
1.781e+03 1.744e-11 9.672e-13 1.841e-11
1.941e+03 1.511e-11 7.388e-13 1.585e-11
2.116e+03 1.306e-11 5.622e-13 1.362e-11
2.306e+03 1.125e-11 4.265e-13 1.168e-11
2.513e+03 9.665e-12 3.224e-13 9.987e-12
2.738e+03 8.279e-12 2.428e-13 8.521e-12
2.985e+03 7.071e-12 1.824e-13 7.254e-12
3.253e+03 6.023e-12 1.364e-13 6.159e-12
3.545e+03 5.115e-12 1.018e-13 5.217e-12
3.863e+03 4.332e-12 7.566e-14 4.408e-12
4.210e+03 3.659e-12 5.607e-14 3.715e-12
4.589e+03 3.081e-12 4.141e-14 3.123e-12
5.001e+03 2.588e-12 3.049e-14 2.618e-12
