1.000000000000000000e+00 6.620316690723839372e-09
1.177502013025367500e+00 7.435643353060952917e-09
1.386510990678792687e+00 8.285664623193010646e-09
1.632619482606074923e+00 9.149715192573699265e-09
1.922412727273087318e+00 1.000005179074088782e-08
2.263644856229646951e+00 1.080033075352259279e-08
2.665446374984928202e+00 1.150649124739081016e-08
3.138568472155921274e+00 1.206825487167178491e-08
3.695670693981549793e+00 1.243522515873698601e-08
4.351659681642130906e+00 1.256505719222108141e-08
5.124088035134939823e+00 1.243602628998964859e-08
6.033623976290592772e+00 1.205398820845670199e-08
7.104604377920294311e+00 1.145172233940413126e-08
8.365685956749983276e+00 1.067842091655942619e-08
9.850612054411154617e+00 9.779848765831693784e-09
1.159911552360108722e+01 8.785164733196978276e-09
1.365798187835406807e+01 7.731515656474224836e-09
1.608230115562590257e+01 6.687883160670422320e-09
1.893694198482969426e+01 5.713031505026115387e-09
2.229828730768156930e+01 4.825596854819193325e-09
2.625627819181304901e+01 4.042097286206156443e-09
3.091682042541391695e+01 3.359964615179003983e-09
3.640461828726869697e+01 2.767479635785370529e-09
4.286651131667899506e+01 2.254324498014596042e-09
5.047540336676420480e+01 1.816748828501672249e-09
5.943488907263225940e+01 1.455537950204642507e-09
6.998470152696388880e+01 1.166843344995786328e-09
8.240712692897952252e+01 9.393546934526287919e-10
9.703455784651035287e+01 7.594110676853835994e-10
1.142583871972923930e+02 6.171210954618430111e-10
1.345394809298437337e+02 5.053248397538527844e-10
1.584205096262789425e+02 4.172666202799710505e-10
1.865404689894481294e+02 3.472022405936786936e-10
2.196517777457713976e+02 2.907473821683154915e-10
2.586404104602462439e+02 2.444637654736416772e-10
3.045496039666473962e+02 2.058087993265751155e-10
3.586077717368055460e+02 1.730397544913521642e-10
4.222613731066301739e+02 1.449674169001620592e-10
4.972136168559130169e+02 1.207314435827483979e-10
5.854700347514610712e+02 9.972519084579022783e-11
6.893921444858774521e+02 8.154743979903576026e-11
8.117606378959960693e+02 6.591832215109657593e-11
9.558497852172911280e+02 5.262066791035950920e-11
1.125515046243225925e+03 4.146431479923725647e-11
1.325296232641738698e+03 3.225642501333824017e-11
1.560538981790582056e+03 2.478559760013350642e-11
1.837537792462968355e+03 1.882396297369367199e-11
2.163704449635333731e+03 1.415021566617513658e-11
2.547766345037551673e+03 1.061421221168790163e-11
3.000000000000001364e+03 8.220861226480765248e-12
