1.000000000000000861e-04 1.722240917316173181e+03
1.204503540258782478e-04 2.073981489531950047e+03
1.450828778495941683e-04 2.497316245083051854e+03
1.747528400007684836e-04 3.006643142725358757e+03
2.104904144512024144e-04 3.619132692077000229e+03
2.535364493970114724e-04 4.355176976827753606e+03
3.053855508833416333e-04 5.238853149312199093e+03
3.678379771828639046e-04 6.298357356800032903e+03
4.430621457583884125e-04 7.566331253779765575e+03
5.336699231206314380e-04 9.079953170288366891e+03
6.428073117284329027e-04 1.088059651453184051e+04
7.742636826811274183e-04 1.301276987292621016e+04
9.326033468832213135e-04 1.552195653309343106e+04
1.123324032978028492e-03 1.845089285822382953e+04
1.353047774579808514e-03 2.183381788629355651e+04
1.629750834620646372e-03 2.568837306018453091e+04
1.963040650040272141e-03 3.000523049491026904e+04
2.364489412645411331e-03 3.473625299733868451e+04
2.848035868435804668e-03 3.978300107886465412e+04
3.430469286314922518e-03 4.498845413914674282e+04
4.132012400115342779e-03 5.013541491367303388e+04
4.977023564332114583e-03 5.495463757994415937e+04
5.994842503189415708e-03 5.914397042925742426e+04
7.220809018385472740e-03 6.239713562910204200e+04
8.697490026177845043e-03 6.443824767316329235e+04
1.047615752789666545e-02 6.505683265748337726e+04
1.261856883066021610e-02 6.413810922333911003e+04
1.519911082952935498e-02 6.168389694268761377e+04
1.830738280295370751e-02 5.782011994537253486e+04
2.205130739903049183e-02 5.278786186547054240e+04
2.656087782946688416e-02 4.691725632711123762e+04
3.199267137797386779e-02 4.058734246854775120e+04
3.853528593710534023e-02 3.417907801812936668e+04
4.641588833612785708e-02 2.803096798469874921e+04
5.590810182512233328e-02 2.240597142716438248e+04
6.734150657750828661e-02 1.747481983612728800e+04
8.111308307896880621e-02 1.331620187809907657e+04
9.770099572992266279e-02 9.930262522245580840e+03
1.176811952435000419e-01 7.259703172796109357e+03
1.417474162926806447e-01 5.212660223239029619e+03
1.707352647470692653e-01 3.682927554934895397e+03
2.056512308348654172e-01 2.565102974631203324e+03
2.477076355991714718e-01 1.764107033218870583e+03
2.983647240283344160e-01 1.199801201547816618e+03
3.593813663804631409e-01 8.080281999276712668e+02
4.328761281083067791e-01 5.394544481826607125e+02
5.214008287999692959e-01 3.573437280813928965e+02
6.280291441834258137e-01 2.350372601232411114e+02
7.564633275546303048e-01 1.535888359140569435e+02
9.111627561154903576e-01 9.976068543399563282e+01
1.097498765493058581e+00 6.443248225261889672e+01
1.321941148466031279e+00 4.139426383600650183e+01
1.592282793341093905e+00 2.646021476695039354e+01
1.917910261672492567e+00 1.683380462100625508e+01
2.310129700083162874e+00 1.066149916219217886e+01
2.782559402207126720e+00 6.723700373553388232e+00
3.351602650938847905e+00 4.223340258609195708e+00
4.037017258596558911e+00 2.642784507141719086e+00
4.862601580065364359e+00 1.647867303520496485e+00
5.857020818056675182e+00 1.024072070483513786e+00
7.054802310718649494e+00 6.344177989492583158e-01
8.497534359086458267e+00 3.918690186223592331e-01
1.023531021899027493e+01 2.413829699724060196e-01
1.232846739442068973e+01 1.483019816193722196e-01
1.484968262254467497e+01 9.089322862670866365e-02
1.788649529057436638e+01 5.558084978299872997e-02
2.154434690031888167e+01 3.391471026285788892e-02
2.595024211399739400e+01 2.065266517621013043e-02
3.125715849688243964e+01 1.255280503754294119e-02
3.764935806792474438e+01 7.616051483349089470e-03
4.534878508128586816e+01 4.613042551908406487e-03
5.462277217684353303e+01 2.789679364206884907e-03
6.579332246575690135e+01 1.684488319318970615e-03
7.924828983539194383e+01 1.015695216053364271e-03
9.545484566618358713e+01 6.116073567114861014e-04
1.149756995397737285e+02 3.678118400825718722e-04
1.384886371393876345e+02 2.209276459717744105e-04
1.668100537200061524e+02 1.325474682859694667e-04
2.009233002565049162e+02 7.943532255303194657e-05
2.420128264794387007e+02 4.755530045878427793e-05
2.915053062825180632e+02 2.844119948424404877e-05
3.511191734215140059e+02 1.699338461434053699e-05
4.229242874389506142e+02 1.014408518386980642e-05
5.094138014816384725e+02 6.050116987171228343e-06
6.135907273413187113e+02 3.605357549776769329e-06
7.390722033525789811e+02 2.146749727028351243e-06
8.902150854450409270e+02 1.277252979849167085e-06
1.072267222010323394e+03 7.593604357083808879e-07
1.291549665014885477e+03 4.511353705868811124e-07
1.555676143930475519e+03 2.678337483604838555e-07
1.873817422860390479e+03 1.589037748618830549e-07
2.257019719633922250e+03 9.421585819425185495e-08
2.718588242732946128e+03 5.582702808090311107e-08
3.274549162877739036e+03 3.306016570330929266e-08
3.944206059437658496e+03 1.956655588526164144e-08
4.750810162102805407e+03 1.157393327834741276e-08
5.722367659350234135e+03 6.842467588840922747e-09
6.892612104349700530e+03 4.043126076074675808e-09
8.302175681319758951e+03 2.387821114985929074e-09
1.000000000000000909e+04 1.409526122371367662e-09
