1.000000000000000861e-04 6.680532935740518496e+02
1.204503540258782478e-04 8.044926531257634679e+02
1.450828778495941683e-04 9.687032318472312227e+02
1.747528400007684836e-04 1.166269964848808286e+03
2.104904144512024144e-04 1.403853253348122507e+03
2.535364493970114724e-04 1.689363139740995848e+03
3.053855508833416333e-04 2.032139096081120442e+03
3.678379771828639046e-04 2.443118343090772214e+03
4.430621457583884125e-04 2.934962503525225202e+03
5.336699231206314380e-04 3.522092966158289983e+03
6.428073117284329027e-04 4.220558380943934026e+03
7.742636826811274183e-04 5.047623526258159472e+03
9.326033468832213135e-04 6.020931264834580361e+03
1.123324032978028492e-03 7.157058933733082995e+03
1.353047774579808514e-03 8.469287777092504257e+03
1.629750834620646372e-03 9.964460870061142487e+03
1.963040650040272141e-03 1.163895994749116289e+04
2.364489412645411331e-03 1.347411270280108147e+04
2.848035868435804668e-03 1.543173468460596632e+04
3.430469286314922518e-03 1.745091796291624632e+04
4.132012400115342779e-03 1.944741221801557185e+04
4.977023564332114583e-03 2.131677761416828434e+04
5.994842503189415708e-03 2.294181019800852664e+04
7.220809018385472740e-03 2.420370550222844759e+04
8.697490026177845043e-03 2.499544817300047725e+04
1.047615752789666545e-02 2.523539586671482175e+04
1.261856883066021610e-02 2.487902515812651836e+04
1.519911082952935498e-02 2.392704185501577012e+04
1.830738280295370751e-02 2.242829163793558837e+04
2.205130739903049183e-02 2.047629029445804917e+04
2.656087782946688416e-02 1.819909589863182191e+04
3.199267137797386779e-02 1.574373686103380351e+04
3.853528593710534023e-02 1.325798580892964310e+04
4.641588833612785708e-02 1.087314805725812403e+04
5.590810182512233328e-02 8.691224820606981666e+03
6.734150657750828661e-02 6.778442451785533194e+03
8.111308307896880621e-02 5.165324103682251916e+03
9.770099572992266279e-02 3.851926009503381920e+03
1.176811952435000419e-01 2.816022175639718625e+03
1.417474162926806447e-01 2.021978920256944548e+03
1.707352647470692653e-01 1.428599134029981769e+03
2.056512308348654172e-01 9.949975484436715760e+02
2.477076355991714718e-01 6.842930637111675196e+02
2.983647240283344160e-01 4.654001285587715415e+02
3.593813663804631409e-01 3.134322816482558096e+02
4.328761281083067791e-01 2.092531406135665861e+02
5.214008287999692959e-01 1.386128108341646339e+02
6.280291441834258137e-01 9.117041301204127990e+01
7.564633275546303048e-01 5.957675645546967758e+01
9.111627561154903576e-01 3.869694059832326616e+01
1.097498765493058581e+00 2.499321177962205809e+01
1.321941148466031279e+00 1.605673980491122066e+01
1.592282793341093905e+00 1.026385649417990997e+01
1.917910261672492567e+00 6.529794123095249425e+00
2.310129700083162874e+00 4.135571021526206259e+00
2.782559402207126720e+00 2.608107921716976474e+00
3.351602650938847905e+00 1.638223979746381564e+00
4.037017258596558911e+00 1.025130036367835062e+00
4.862601580065364359e+00 6.392039397167337267e-01
5.857020818056675182e+00 3.972352024999035169e-01
7.054802310718649494e+00 2.460892061201944703e-01
8.497534359086458267e+00 1.520050916849971512e-01
1.023531021899027493e+01 9.363189927808941715e-02
1.232846739442068973e+01 5.752599782542033857e-02
1.484968262254467497e+01 3.525727448298953542e-02
1.788649529057436638e+01 2.155968388849997808e-02
2.154434690031888167e+01 1.315543816426033123e-02
2.595024211399739400e+01 8.011121355512655293e-03
3.125715849688243964e+01 4.869204223757270765e-03
3.764935806792474438e+01 2.954248866302394867e-03
4.534878508128586816e+01 1.789388603658347747e-03
5.462277217684353303e+01 1.082110213812694606e-03
6.579332246575690135e+01 6.534091475783157564e-04
7.924828983539194383e+01 3.939858399191025471e-04
9.545484566618358713e+01 2.372410880017542542e-04
1.149756995397737285e+02 1.426733674203985028e-04
1.384886371393876345e+02 8.569732611103142471e-05
1.668100537200061524e+02 5.141485831223464680e-05
2.009233002565049162e+02 3.081277905089278206e-05
2.420128264794387007e+02 1.844659175088111719e-05
2.915053062825180632e+02 1.103227591309035427e-05
3.511191734215140059e+02 6.591694835744454646e-06
4.229242874389506142e+02 3.934867328515493529e-06
5.094138014816384725e+02 2.346826474246433462e-06
6.135907273413187113e+02 1.398509907309485379e-06
7.390722033525789811e+02 8.327192852062539604e-07
8.902150854450409270e+02 4.954434953532473288e-07
1.072267222010323394e+03 2.945541677614669250e-07
1.291549665014885477e+03 1.749943733992633412e-07
1.555676143930475519e+03 1.038920954225924685e-07
1.873817422860390479e+03 6.163840905792518235e-08
2.257019719633922250e+03 3.654611485578870542e-08
2.718588242732946128e+03 2.165517588446170585e-08
3.274549162877739036e+03 1.282396229362438543e-08
3.944206059437658496e+03 7.589822057775490303e-09
4.750810162102805407e+03 4.489502118121403955e-09
5.722367659350234135e+03 2.654177451562485906e-09
6.892612104349700530e+03 1.568319312530280194e-09
8.302175681319758951e+03 9.262303225369050301e-10
1.000000000000000909e+04 5.467519433322031683e-10
